0.000	0.0000
0.000	0.0000
0.000	-0.0001
0.000	-0.0001
0.000	-0.0001
0.000	-0.0001
0.000	-0.0002
-0.001	-0.0002
-0.001	-0.0002
-0.001	-0.0003
-0.001	-0.0003
-0.001	-0.0004
-0.001	-0.0004
-0.001	-0.0004
-0.001	-0.0005
-0.001	-0.0005
-0.001	-0.0005
-0.001	-0.0006
-0.002	-0.0006
-0.002	-0.0007
-0.002	-0.0007
-0.002	-0.0008
-0.002	-0.0008
-0.002	-0.0008
-0.002	-0.0009
-0.002	-0.0009
-0.002	-0.0010
-0.002	-0.0010
-0.002	-0.0011
-0.003	-0.0011
-0.003	-0.0012
-0.003	-0.0013
-0.003	-0.0013
-0.003	-0.0013
-0.003	-0.0014
-0.003	-0.0014
-0.003	-0.0014
-0.003	-0.0015
-0.003	-0.0015
-0.003	-0.0016
-0.004	-0.0016
-0.004	-0.0017
-0.004	-0.0017
-0.004	-0.0018
-0.004	-0.0019
-0.004	-0.0019
-0.004	-0.0020
-0.004	-0.0020
-0.004	-0.0020
-0.004	-0.0021
-0.004	-0.0022
-0.005	-0.0023
-0.005	-0.0023
-0.005	-0.0024
-0.005	-0.0025
-0.005	-0.0026
-0.005	-0.0027
-0.005	-0.0027
-0.005	-0.0028
-0.005	-0.0028
-0.005	-0.0028
-0.005	-0.0029
-0.005	-0.0029
-0.005	-0.0029
-0.006	-0.0030
-0.006	-0.0030
-0.006	-0.0031
-0.006	-0.0031
-0.006	-0.0032
-0.006	-0.0033
-0.006	-0.0033
-0.006	-0.0034
-0.006	-0.0034
-0.006	-0.0035
-0.006	-0.0035
-0.006	-0.0036
-0.007	-0.0037
-0.007	-0.0038
-0.007	-0.0038
-0.007	-0.0038
-0.007	-0.0039
-0.007	-0.0040
-0.007	-0.0040
-0.007	-0.0041
-0.007	-0.0041
-0.007	-0.0041
-0.007	-0.0042
-0.007	-0.0042
-0.007	-0.0043
-0.008	-0.0044
-0.008	-0.0044
-0.008	-0.0044
-0.008	-0.0045
-0.008	-0.0045
-0.008	-0.0046
-0.008	-0.0046
-0.008	-0.0047
-0.008	-0.0048
-0.008	-0.0048
-0.008	-0.0049
-0.008	-0.0050
-0.008	-0.0051
-0.009	-0.0052
-0.009	-0.0052
-0.009	-0.0053
-0.009	-0.0054
-0.009	-0.0055
-0.009	-0.0055
-0.009	-0.0055
-0.009	-0.0056
-0.009	-0.0056
-0.009	-0.0056
-0.009	-0.0057
-0.009	-0.0057
-0.010	-0.0058
-0.010	-0.0059
-0.010	-0.0059
-0.010	-0.0060
-0.010	-0.0060
-0.010	-0.0060
-0.010	-0.0061
-0.010	-0.0062
-0.010	-0.0063
-0.010	-0.0063
-0.010	-0.0064
-0.010	-0.0065
-0.011	-0.0065
-0.011	-0.0066
-0.011	-0.0067
-0.011	-0.0067
-0.011	-0.0068
-0.011	-0.0069
-0.011	-0.0069
-0.011	-0.0069
-0.011	-0.0070
-0.011	-0.0070
-0.011	-0.0071
-0.011	-0.0072
-0.011	-0.0072
-0.012	-0.0072
-0.012	-0.0073
-0.012	-0.0073
-0.012	-0.0075
-0.012	-0.0075
-0.012	-0.0075
-0.012	-0.0076
-0.012	-0.0077
-0.012	-0.0077
-0.012	-0.0078
-0.012	-0.0078
-0.012	-0.0079
-0.012	-0.0079
-0.013	-0.0079
-0.013	-0.0080
-0.013	-0.0081
-0.013	-0.0082
-0.013	-0.0082
-0.013	-0.0083
-0.013	-0.0083
-0.013	-0.0083
-0.013	-0.0084
-0.013	-0.0084
-0.013	-0.0085
-0.014	-0.0085
-0.014	-0.0086
-0.014	-0.0087
-0.014	-0.0088
-0.014	-0.0088
-0.014	-0.0089
-0.014	-0.0090
-0.014	-0.0090
-0.014	-0.0091
-0.014	-0.0092
-0.014	-0.0093
-0.014	-0.0094
-0.014	-0.0094
-0.015	-0.0095
-0.015	-0.0096
-0.015	-0.0096
-0.015	-0.0096
-0.015	-0.0097
-0.015	-0.0097
-0.015	-0.0098
-0.015	-0.0099
-0.015	-0.0099
-0.015	-0.0100
-0.015	-0.0100
-0.016	-0.0101
-0.016	-0.0101
-0.016	-0.0102
-0.016	-0.0102
-0.016	-0.0103
-0.016	-0.0103
-0.016	-0.0103
-0.016	-0.0103
-0.016	-0.0104
-0.016	-0.0104
-0.016	-0.0105
-0.016	-0.0105
-0.017	-0.0106
-0.017	-0.0107
-0.017	-0.0107
-0.017	-0.0108
-0.017	-0.0108
-0.017	-0.0109
-0.017	-0.0109
-0.017	-0.0110
-0.017	-0.0110
-0.017	-0.0112
-0.017	-0.0112
-0.017	-0.0112
-0.017	-0.0113
-0.018	-0.0113
-0.018	-0.0114
-0.018	-0.0114
-0.018	-0.0114
-0.018	-0.0115
-0.018	-0.0115
-0.018	-0.0115
-0.018	-0.0116
-0.018	-0.0116
-0.018	-0.0117
-0.019	-0.0117
-0.019	-0.0118
-0.019	-0.0118
-0.019	-0.0119
-0.019	-0.0119
-0.019	-0.0120
-0.019	-0.0121
-0.019	-0.0122
-0.019	-0.0123
-0.019	-0.0123
-0.019	-0.0124
-0.019	-0.0125
-0.019	-0.0125
-0.020	-0.0125
-0.020	-0.0126
-0.020	-0.0126
-0.020	-0.0127
-0.020	-0.0127
-0.020	-0.0128
-0.020	-0.0128
-0.020	-0.0128
-0.020	-0.0129
-0.020	-0.0129
-0.021	-0.0130
-0.021	-0.0130
-0.021	-0.0131
-0.021	-0.0131
-0.021	-0.0131
-0.021	-0.0132
-0.021	-0.0132
-0.021	-0.0133
-0.021	-0.0133
-0.021	-0.0134
-0.021	-0.0134
-0.021	-0.0134
-0.022	-0.0134
-0.022	-0.0135
-0.022	-0.0135
-0.022	-0.0136
-0.022	-0.0137
-0.022	-0.0137
-0.022	-0.0138
-0.022	-0.0139
-0.022	-0.0139
-0.022	-0.0140
-0.022	-0.0140
-0.022	-0.0140
-0.023	-0.0141
-0.023	-0.0141
-0.023	-0.0142
-0.023	-0.0142
-0.023	-0.0142
-0.023	-0.0143
-0.023	-0.0143
-0.023	-0.0143
-0.023	-0.0143
-0.023	-0.0143
-0.023	-0.0144
-0.023	-0.0144
-0.024	-0.0144
-0.024	-0.0144
-0.024	-0.0145
-0.024	-0.0145
-0.024	-0.0145
-0.024	-0.0146
-0.024	-0.0146
-0.024	-0.0147
-0.024	-0.0147
-0.024	-0.0147
-0.024	-0.0148
-0.025	-0.0149
-0.025	-0.0150
-0.025	-0.0151
-0.025	-0.0151
-0.025	-0.0152
-0.025	-0.0153
-0.025	-0.0154
-0.025	-0.0154
-0.025	-0.0155
-0.025	-0.0156
-0.025	-0.0156
-0.025	-0.0156
-0.026	-0.0156
-0.026	-0.0157
-0.026	-0.0157
-0.026	-0.0157
-0.026	-0.0157
-0.026	-0.0158
-0.026	-0.0158
-0.026	-0.0159
-0.026	-0.0159
-0.026	-0.0160
-0.027	-0.0160
-0.027	-0.0161
-0.027	-0.0162
-0.027	-0.0162
-0.027	-0.0162
-0.027	-0.0163
-0.027	-0.0163
-0.027	-0.0163
-0.027	-0.0164
-0.027	-0.0164
-0.027	-0.0164
-0.028	-0.0165
-0.028	-0.0165
-0.028	-0.0165
-0.028	-0.0166
-0.028	-0.0166
-0.028	-0.0166
-0.028	-0.0166
-0.028	-0.0167
-0.028	-0.0167
-0.028	-0.0168
-0.028	-0.0168
-0.029	-0.0168
-0.029	-0.0169
-0.029	-0.0169
-0.029	-0.0170
-0.029	-0.0170
-0.029	-0.0171
-0.029	-0.0171
-0.029	-0.0171
-0.029	-0.0172
-0.029	-0.0172
-0.030	-0.0173
-0.030	-0.0174
-0.030	-0.0174
-0.030	-0.0175
-0.030	-0.0175
-0.030	-0.0176
-0.030	-0.0176
-0.030	-0.0177
-0.030	-0.0177
-0.030	-0.0177
-0.030	-0.0177
-0.030	-0.0178
-0.031	-0.0178
-0.031	-0.0179
-0.031	-0.0179
-0.031	-0.0180
-0.031	-0.0180
-0.031	-0.0180
-0.031	-0.0181
-0.031	-0.0181
-0.031	-0.0181
-0.031	-0.0181
-0.031	-0.0182
-0.032	-0.0182
-0.032	-0.0183
-0.032	-0.0183
-0.032	-0.0183
-0.032	-0.0184
-0.032	-0.0184
-0.032	-0.0184
-0.032	-0.0185
-0.032	-0.0185
-0.032	-0.0186
-0.032	-0.0186
-0.032	-0.0187
-0.033	-0.0187
-0.033	-0.0187
-0.033	-0.0188
-0.033	-0.0188
-0.033	-0.0188
-0.033	-0.0188
-0.033	-0.0189
-0.033	-0.0189
-0.033	-0.0190
-0.033	-0.0190
-0.034	-0.0190
-0.034	-0.0190
-0.034	-0.0191
-0.034	-0.0191
-0.034	-0.0191
-0.034	-0.0192
-0.034	-0.0192
-0.034	-0.0192
-0.034	-0.0192
-0.034	-0.0193
-0.034	-0.0193
-0.034	-0.0193
-0.035	-0.0193
-0.035	-0.0194
-0.035	-0.0194
-0.035	-0.0195
-0.035	-0.0195
-0.035	-0.0195
-0.035	-0.0196
-0.035	-0.0196
-0.035	-0.0197
-0.035	-0.0197
-0.036	-0.0198
-0.036	-0.0198
-0.036	-0.0199
-0.036	-0.0199
-0.036	-0.0200
-0.036	-0.0200
-0.036	-0.0200
-0.036	-0.0201
-0.036	-0.0202
-0.036	-0.0202
-0.036	-0.0203
-0.037	-0.0203
-0.037	-0.0204
-0.037	-0.0204
-0.037	-0.0204
-0.037	-0.0205
-0.037	-0.0205
-0.037	-0.0205
-0.037	-0.0205
-0.037	-0.0206
-0.037	-0.0206
-0.037	-0.0206
-0.038	-0.0207
-0.038	-0.0207
-0.038	-0.0207
-0.038	-0.0208
-0.038	-0.0208
-0.038	-0.0209
-0.038	-0.0209
-0.038	-0.0210
-0.038	-0.0211
-0.038	-0.0211
-0.038	-0.0211
-0.039	-0.0212
-0.039	-0.0212
-0.039	-0.0212
-0.039	-0.0213
-0.039	-0.0213
-0.039	-0.0213
-0.039	-0.0213
-0.039	-0.0214
-0.039	-0.0214
-0.039	-0.0215
-0.039	-0.0215
-0.039	-0.0216
-0.040	-0.0216
-0.040	-0.0216
-0.040	-0.0217
-0.040	-0.0217
-0.040	-0.0218
-0.040	-0.0218
-0.040	-0.0218
-0.040	-0.0219
-0.040	-0.0219
-0.040	-0.0219
-0.041	-0.0220
-0.041	-0.0220
-0.041	-0.0221
-0.041	-0.0221
-0.041	-0.0221
-0.041	-0.0221
-0.041	-0.0222
-0.041	-0.0222
-0.041	-0.0222
-0.041	-0.0222
-0.041	-0.0222
-0.041	-0.0222
-0.042	-0.0223
-0.042	-0.0224
-0.042	-0.0224
-0.042	-0.0225
-0.042	-0.0225
-0.042	-0.0225
-0.042	-0.0225
-0.042	-0.0226
-0.042	-0.0226
-0.042	-0.0227
-0.043	-0.0227
-0.043	-0.0228
-0.043	-0.0228
-0.043	-0.0228
-0.043	-0.0229
-0.043	-0.0229
-0.043	-0.0230
-0.043	-0.0230
-0.043	-0.0230
-0.043	-0.0231
-0.043	-0.0231
-0.043	-0.0232
-0.044	-0.0232
-0.044	-0.0232
-0.044	-0.0232
-0.044	-0.0232
-0.044	-0.0233
-0.044	-0.0233
-0.044	-0.0233
-0.044	-0.0233
-0.044	-0.0234
-0.044	-0.0234
-0.044	-0.0234
-0.045	-0.0234
-0.045	-0.0235
-0.045	-0.0235
-0.045	-0.0236
-0.045	-0.0236
-0.045	-0.0236
-0.045	-0.0237
-0.045	-0.0237
-0.045	-0.0237
-0.045	-0.0238
-0.045	-0.0238
-0.046	-0.0238
-0.046	-0.0239
-0.046	-0.0239
-0.046	-0.0240
-0.046	-0.0240
-0.046	-0.0240
-0.046	-0.0240
-0.046	-0.0241
-0.046	-0.0241
-0.046	-0.0241
-0.046	-0.0241
-0.046	-0.0242
-0.047	-0.0243
-0.047	-0.0243
-0.047	-0.0243
-0.047	-0.0243
-0.047	-0.0244
-0.047	-0.0244
-0.047	-0.0244
-0.047	-0.0244
-0.047	-0.0245
-0.047	-0.0245
-0.047	-0.0245
-0.047	-0.0246
-0.048	-0.0246
-0.048	-0.0246
-0.048	-0.0246
-0.048	-0.0246
-0.048	-0.0247
-0.048	-0.0247
-0.048	-0.0247
-0.048	-0.0248
-0.048	-0.0249
-0.048	-0.0249
-0.048	-0.0250
-0.048	-0.0250
-0.048	-0.0250
-0.049	-0.0251
-0.049	-0.0251
-0.049	-0.0252
-0.049	-0.0252
-0.049	-0.0252
-0.049	-0.0252
-0.049	-0.0253
-0.049	-0.0253
-0.049	-0.0253
-0.049	-0.0254
-0.049	-0.0254
-0.049	-0.0254
-0.050	-0.0255
-0.050	-0.0255
-0.050	-0.0255
-0.050	-0.0255
-0.050	-0.0255
-0.050	-0.0255
-0.050	-0.0256
-0.050	-0.0256
-0.050	-0.0256
-0.050	-0.0256
-0.051	-0.0257
-0.051	-0.0257
-0.051	-0.0257
-0.051	-0.0258
-0.051	-0.0258
-0.051	-0.0258
-0.051	-0.0259
-0.051	-0.0259
-0.051	-0.0259
-0.051	-0.0260
-0.051	-0.0260
-0.052	-0.0261
-0.052	-0.0261
-0.052	-0.0261
-0.052	-0.0261
-0.052	-0.0262
-0.052	-0.0262
-0.052	-0.0262
-0.052	-0.0263
-0.052	-0.0263
-0.052	-0.0263
-0.052	-0.0263
-0.052	-0.0264
-0.052	-0.0264
-0.053	-0.0265
-0.053	-0.0265
-0.053	-0.0265
-0.053	-0.0266
-0.053	-0.0266
-0.053	-0.0266
-0.053	-0.0266
-0.053	-0.0267
-0.053	-0.0267
-0.053	-0.0267
-0.053	-0.0267
-0.054	-0.0268
-0.054	-0.0268
-0.054	-0.0268
-0.054	-0.0268
-0.054	-0.0269
-0.054	-0.0269
-0.054	-0.0269
-0.054	-0.0269
-0.054	-0.0270
-0.054	-0.0270
-0.054	-0.0270
-0.054	-0.0270
-0.055	-0.0270
-0.055	-0.0271
-0.055	-0.0271
-0.055	-0.0271
-0.055	-0.0272
-0.055	-0.0273
-0.055	-0.0273
-0.055	-0.0273
-0.055	-0.0273
-0.055	-0.0273
-0.055	-0.0273
-0.055	-0.0274
-0.055	-0.0274
-0.056	-0.0275
-0.056	-0.0275
-0.056	-0.0275
-0.056	-0.0276
-0.056	-0.0276
-0.056	-0.0276
-0.056	-0.0277
-0.056	-0.0277
-0.056	-0.0277
-0.056	-0.0277
-0.056	-0.0277
-0.056	-0.0278
-0.057	-0.0278
-0.057	-0.0278
-0.057	-0.0278
-0.057	-0.0278
-0.057	-0.0279
-0.057	-0.0279
-0.057	-0.0279
-0.057	-0.0279
-0.057	-0.0279
-0.057	-0.0280
-0.057	-0.0280
-0.057	-0.0280
-0.058	-0.0280
-0.058	-0.0281
-0.058	-0.0281
-0.058	-0.0281
-0.058	-0.0282
-0.058	-0.0282
-0.058	-0.0283
-0.058	-0.0283
-0.058	-0.0283
-0.058	-0.0284
-0.058	-0.0284
-0.058	-0.0284
-0.058	-0.0284
-0.059	-0.0285
-0.059	-0.0286
-0.059	-0.0286
-0.059	-0.0286
-0.059	-0.0286
-0.059	-0.0287
-0.059	-0.0287
-0.059	-0.0287
-0.059	-0.0287
-0.059	-0.0287
-0.059	-0.0287
-0.059	-0.0287
-0.060	-0.0288
-0.060	-0.0288
-0.060	-0.0288
-0.060	-0.0288
-0.060	-0.0289
-0.060	-0.0289
-0.060	-0.0289
-0.060	-0.0289
-0.060	-0.0290
-0.060	-0.0290
-0.060	-0.0291
-0.060	-0.0291
-0.060	-0.0291
-0.060	-0.0292
-0.061	-0.0292
-0.061	-0.0293
-0.061	-0.0293
-0.061	-0.0293
-0.061	-0.0293
-0.061	-0.0293
-0.061	-0.0294
-0.061	-0.0294
-0.061	-0.0294
-0.061	-0.0294
-0.061	-0.0295
-0.061	-0.0295
-0.061	-0.0295
-0.062	-0.0295
-0.062	-0.0295
-0.062	-0.0296
-0.062	-0.0296
-0.062	-0.0296
-0.062	-0.0296
-0.062	-0.0297
-0.062	-0.0297
-0.062	-0.0297
-0.062	-0.0298
-0.062	-0.0298
-0.062	-0.0298
-0.063	-0.0298
-0.063	-0.0298
-0.063	-0.0299
-0.063	-0.0299
-0.063	-0.0299
-0.063	-0.0299
-0.063	-0.0300
-0.063	-0.0300
-0.063	-0.0300
-0.063	-0.0300
-0.063	-0.0301
-0.063	-0.0301
-0.063	-0.0301
-0.064	-0.0301
-0.064	-0.0302
-0.064	-0.0302
-0.064	-0.0302
-0.064	-0.0302
-0.064	-0.0303
-0.064	-0.0303
-0.064	-0.0303
-0.064	-0.0303
-0.064	-0.0303
-0.065	-0.0304
-0.065	-0.0304
-0.065	-0.0305
-0.065	-0.0305
-0.065	-0.0305
-0.065	-0.0305
-0.065	-0.0305
-0.065	-0.0306
-0.065	-0.0306
-0.065	-0.0306
-0.065	-0.0306
-0.065	-0.0306
-0.065	-0.0307
-0.066	-0.0307
-0.066	-0.0307
-0.066	-0.0308
-0.066	-0.0308
-0.066	-0.0308
-0.066	-0.0308
-0.066	-0.0308
-0.066	-0.0309
-0.066	-0.0309
-0.066	-0.0310
-0.066	-0.0310
-0.067	-0.0310
-0.067	-0.0310
-0.067	-0.0310
-0.067	-0.0311
-0.067	-0.0311
-0.067	-0.0311
-0.067	-0.0311
-0.067	-0.0311
-0.067	-0.0312
-0.067	-0.0312
-0.067	-0.0312
-0.067	-0.0312
-0.068	-0.0313
-0.068	-0.0313
-0.068	-0.0313
-0.068	-0.0313
-0.068	-0.0314
-0.068	-0.0314
-0.068	-0.0314
-0.068	-0.0314
-0.068	-0.0314
-0.068	-0.0314
-0.068	-0.0314
-0.068	-0.0315
-0.069	-0.0315
-0.069	-0.0315
-0.069	-0.0315
-0.069	-0.0315
-0.069	-0.0315
-0.069	-0.0316
-0.069	-0.0316
-0.069	-0.0316
-0.069	-0.0316
-0.069	-0.0317
-0.069	-0.0317
-0.069	-0.0317
-0.070	-0.0317
-0.070	-0.0317
-0.070	-0.0318
-0.070	-0.0318
-0.070	-0.0318
-0.070	-0.0318
-0.070	-0.0318
-0.070	-0.0319
-0.070	-0.0319
-0.070	-0.0319
-0.071	-0.0319
-0.071	-0.0319
-0.071	-0.0320
-0.071	-0.0320
-0.071	-0.0320
-0.071	-0.0320
-0.071	-0.0320
-0.071	-0.0320
-0.071	-0.0321
-0.071	-0.0321
-0.071	-0.0321
-0.071	-0.0321
-0.072	-0.0322
-0.072	-0.0322
-0.072	-0.0322
-0.072	-0.0323
-0.072	-0.0323
-0.072	-0.0324
-0.072	-0.0324
-0.072	-0.0324
-0.072	-0.0325
-0.072	-0.0325
-0.072	-0.0325
-0.073	-0.0325
-0.073	-0.0326
-0.073	-0.0326
-0.073	-0.0326
-0.073	-0.0327
-0.073	-0.0327
-0.073	-0.0327
-0.073	-0.0327
-0.073	-0.0328
-0.073	-0.0328
-0.073	-0.0328
-0.074	-0.0329
-0.074	-0.0329
-0.074	-0.0329
-0.074	-0.0330
-0.074	-0.0330
-0.074	-0.0330
-0.074	-0.0330
-0.074	-0.0331
-0.074	-0.0331
-0.074	-0.0331
-0.074	-0.0331
-0.074	-0.0331
-0.075	-0.0332
-0.075	-0.0332
-0.075	-0.0332
-0.075	-0.0332
-0.075	-0.0333
-0.075	-0.0333
-0.075	-0.0333
-0.075	-0.0333
-0.075	-0.0333
-0.075	-0.0334
-0.075	-0.0334
-0.075	-0.0334
-0.076	-0.0335
-0.076	-0.0335
-0.076	-0.0335
-0.076	-0.0335
-0.076	-0.0336
-0.076	-0.0336
-0.076	-0.0336
-0.076	-0.0336
-0.076	-0.0336
-0.076	-0.0336
-0.077	-0.0336
-0.077	-0.0336
-0.077	-0.0337
-0.077	-0.0337
-0.077	-0.0337
-0.077	-0.0337
-0.077	-0.0337
-0.077	-0.0337
-0.077	-0.0337
-0.077	-0.0337
-0.077	-0.0337
-0.077	-0.0338
-0.078	-0.0338
-0.078	-0.0338
-0.078	-0.0338
-0.078	-0.0338
-0.078	-0.0338
-0.078	-0.0339
-0.078	-0.0339
-0.078	-0.0339
-0.078	-0.0339
-0.078	-0.0339
-0.078	-0.0339
-0.078	-0.0339
-0.079	-0.0340
-0.079	-0.0340
-0.079	-0.0340
-0.079	-0.0340
-0.079	-0.0340
-0.079	-0.0340
-0.079	-0.0340
-0.079	-0.0341
-0.079	-0.0341
-0.080	-0.0341
-0.080	-0.0341
-0.080	-0.0341
-0.080	-0.0341
-0.080	-0.0341
-0.080	-0.0341
-0.080	-0.0342
-0.080	-0.0342
-0.080	-0.0342
-0.080	-0.0342
-0.080	-0.0342
-0.080	-0.0343
-0.080	-0.0343
-0.081	-0.0343
-0.081	-0.0343
-0.081	-0.0343
-0.081	-0.0343
-0.081	-0.0344
-0.081	-0.0344
-0.081	-0.0344
-0.081	-0.0344
-0.081	-0.0345
-0.081	-0.0345
-0.082	-0.0345
-0.082	-0.0346
-0.082	-0.0346
-0.082	-0.0346
-0.082	-0.0346
-0.082	-0.0346
-0.082	-0.0347
-0.082	-0.0348
-0.082	-0.0348
-0.082	-0.0348
-0.082	-0.0348
-0.082	-0.0349
-0.083	-0.0349
-0.083	-0.0349
-0.083	-0.0349
-0.083	-0.0349
-0.083	-0.0349
-0.083	-0.0350
-0.083	-0.0350
-0.083	-0.0350
-0.083	-0.0350
-0.083	-0.0350
-0.083	-0.0350
-0.084	-0.0351
-0.084	-0.0351
-0.084	-0.0351
-0.084	-0.0351
-0.084	-0.0352
-0.084	-0.0352
-0.084	-0.0352
-0.084	-0.0352
-0.084	-0.0352
-0.084	-0.0352
-0.084	-0.0352
-0.084	-0.0352
-0.085	-0.0353
-0.085	-0.0353
-0.085	-0.0353
-0.085	-0.0353
-0.085	-0.0353
-0.085	-0.0353
-0.085	-0.0354
-0.085	-0.0354
-0.085	-0.0354
-0.085	-0.0354
-0.085	-0.0354
-0.086	-0.0355
-0.086	-0.0355
-0.086	-0.0355
-0.086	-0.0355
-0.086	-0.0355
-0.086	-0.0355
-0.086	-0.0355
-0.086	-0.0356
-0.086	-0.0356
-0.086	-0.0356
-0.086	-0.0356
-0.086	-0.0356
-0.087	-0.0356
-0.087	-0.0356
-0.087	-0.0356
-0.087	-0.0357
-0.087	-0.0357
-0.087	-0.0357
-0.087	-0.0357
-0.087	-0.0357
-0.087	-0.0357
-0.087	-0.0357
-0.088	-0.0357
-0.088	-0.0358
-0.088	-0.0358
-0.088	-0.0358
-0.088	-0.0358
-0.088	-0.0358
-0.088	-0.0358
-0.088	-0.0358
-0.088	-0.0359
-0.088	-0.0359
-0.088	-0.0359
-0.089	-0.0359
-0.089	-0.0360
-0.089	-0.0360
-0.089	-0.0360
-0.089	-0.0360
-0.089	-0.0360
-0.089	-0.0360
-0.089	-0.0361
-0.089	-0.0361
-0.089	-0.0361
-0.089	-0.0361
-0.090	-0.0361
-0.090	-0.0362
-0.090	-0.0362
-0.090	-0.0362
-0.090	-0.0362
-0.090	-0.0363
-0.090	-0.0363
-0.090	-0.0363
-0.090	-0.0363
-0.090	-0.0364
-0.091	-0.0364
-0.091	-0.0364
-0.091	-0.0364
-0.091	-0.0365
-0.091	-0.0365
-0.091	-0.0365
-0.091	-0.0365
-0.091	-0.0365
-0.091	-0.0365
-0.091	-0.0366
-0.091	-0.0366
-0.091	-0.0366
-0.092	-0.0366
-0.092	-0.0367
-0.092	-0.0367
-0.092	-0.0367
-0.092	-0.0367
-0.092	-0.0367
-0.092	-0.0368
-0.092	-0.0368
-0.092	-0.0368
-0.092	-0.0368
-0.092	-0.0368
-0.092	-0.0368
-0.093	-0.0368
-0.093	-0.0368
-0.093	-0.0368
-0.093	-0.0368
-0.093	-0.0369
-0.093	-0.0369
-0.093	-0.0369
-0.093	-0.0369
-0.093	-0.0369
-0.093	-0.0369
-0.093	-0.0369
-0.094	-0.0370
-0.094	-0.0370
-0.094	-0.0370
-0.094	-0.0370
-0.094	-0.0370
-0.094	-0.0370
-0.094	-0.0370
-0.094	-0.0370
-0.094	-0.0370
-0.094	-0.0371
-0.094	-0.0371
-0.094	-0.0371
-0.095	-0.0371
-0.095	-0.0371
-0.095	-0.0371
-0.095	-0.0372
-0.095	-0.0372
-0.095	-0.0372
-0.095	-0.0372
-0.095	-0.0372
-0.095	-0.0372
-0.095	-0.0372
-0.095	-0.0372
-0.095	-0.0373
-0.096	-0.0373
-0.096	-0.0373
-0.096	-0.0373
-0.096	-0.0373
-0.096	-0.0373
-0.096	-0.0373
-0.096	-0.0373
-0.096	-0.0373
-0.096	-0.0374
-0.096	-0.0374
-0.097	-0.0374
-0.097	-0.0374
-0.097	-0.0374
-0.097	-0.0374
-0.097	-0.0375
-0.097	-0.0375
-0.097	-0.0375
-0.097	-0.0375
-0.097	-0.0376
-0.097	-0.0376
-0.097	-0.0376
-0.097	-0.0376
-0.098	-0.0376
-0.098	-0.0376
-0.098	-0.0376
-0.098	-0.0376
-0.098	-0.0377
-0.098	-0.0377
-0.098	-0.0377
-0.098	-0.0377
-0.098	-0.0377
-0.098	-0.0378
-0.098	-0.0378
-0.098	-0.0378
-0.099	-0.0378
-0.099	-0.0378
-0.099	-0.0379
-0.099	-0.0379
-0.099	-0.0379
-0.099	-0.0379
-0.099	-0.0379
-0.099	-0.0380
-0.099	-0.0380
-0.099	-0.0380
-0.099	-0.0380
-0.100	-0.0380
-0.100	-0.0380
-0.100	-0.0380
-0.100	-0.0381
-0.100	-0.0381
-0.100	-0.0381
-0.100	-0.0381
-0.100	-0.0381
-0.100	-0.0381
-0.100	-0.0381
-0.100	-0.0381
-0.100	-0.0382
-0.100	-0.0382
-0.101	-0.0382
-0.101	-0.0382
-0.101	-0.0382
-0.101	-0.0382
-0.101	-0.0382
-0.101	-0.0382
-0.101	-0.0382
-0.101	-0.0382
-0.101	-0.0382
-0.101	-0.0382
-0.101	-0.0382
-0.101	-0.0383
-0.102	-0.0383
-0.102	-0.0383
-0.102	-0.0383
-0.102	-0.0383
-0.102	-0.0383
-0.102	-0.0383
-0.102	-0.0383
-0.102	-0.0383
-0.102	-0.0383
-0.102	-0.0383
-0.102	-0.0383
-0.103	-0.0384
-0.103	-0.0384
-0.103	-0.0384
-0.103	-0.0384
-0.103	-0.0385
-0.103	-0.0385
-0.103	-0.0385
-0.103	-0.0385
-0.103	-0.0385
-0.103	-0.0385
-0.103	-0.0385
-0.103	-0.0385
-0.103	-0.0385
-0.104	-0.0385
-0.104	-0.0385
-0.104	-0.0386
-0.104	-0.0386
-0.104	-0.0386
-0.104	-0.0386
-0.104	-0.0386
-0.104	-0.0386
-0.104	-0.0386
-0.104	-0.0386
-0.105	-0.0386
-0.105	-0.0387
-0.105	-0.0387
-0.105	-0.0387
-0.105	-0.0387
-0.105	-0.0387
-0.105	-0.0387
-0.105	-0.0387
-0.105	-0.0387
-0.105	-0.0387
-0.105	-0.0387
-0.105	-0.0388
-0.106	-0.0388
-0.106	-0.0388
-0.106	-0.0388
-0.106	-0.0388
-0.106	-0.0388
-0.106	-0.0388
-0.106	-0.0388
-0.106	-0.0389
-0.106	-0.0389
-0.106	-0.0389
-0.106	-0.0389
-0.106	-0.0389
-0.107	-0.0389
-0.107	-0.0389
-0.107	-0.0390
-0.107	-0.0390
-0.107	-0.0390
-0.107	-0.0390
-0.107	-0.0390
-0.107	-0.0390
-0.107	-0.0390
-0.107	-0.0390
-0.107	-0.0390
-0.107	-0.0391
-0.107	-0.0391
-0.108	-0.0391
-0.108	-0.0391
-0.108	-0.0392
-0.108	-0.0392
-0.108	-0.0392
-0.108	-0.0392
-0.108	-0.0392
-0.108	-0.0392
-0.108	-0.0392
-0.108	-0.0393
-0.108	-0.0393
-0.108	-0.0393
-0.108	-0.0393
-0.109	-0.0393
-0.109	-0.0393
-0.109	-0.0394
-0.109	-0.0394
-0.109	-0.0394
-0.109	-0.0394
-0.109	-0.0394
-0.109	-0.0394
-0.109	-0.0394
-0.109	-0.0395
-0.109	-0.0395
-0.109	-0.0395
-0.110	-0.0395
-0.110	-0.0395
-0.110	-0.0395
-0.110	-0.0395
-0.110	-0.0395
-0.110	-0.0396
-0.110	-0.0396
-0.110	-0.0396
-0.110	-0.0396
-0.110	-0.0396
-0.110	-0.0396
-0.110	-0.0397
-0.110	-0.0397
-0.111	-0.0397
-0.111	-0.0397
-0.111	-0.0397
-0.111	-0.0398
-0.111	-0.0398
-0.111	-0.0398
-0.111	-0.0398
-0.111	-0.0398
-0.111	-0.0398
-0.111	-0.0399
-0.111	-0.0399
-0.112	-0.0399
-0.112	-0.0399
-0.112	-0.0399
-0.112	-0.0399
-0.112	-0.0399
-0.112	-0.0399
-0.112	-0.0399
-0.112	-0.0399
-0.112	-0.0399
-0.112	-0.0399
-0.112	-0.0400
-0.112	-0.0400
-0.113	-0.0400
-0.113	-0.0400
-0.113	-0.0400
-0.113	-0.0400
-0.113	-0.0400
-0.113	-0.0400
-0.113	-0.0400
-0.113	-0.0400
-0.113	-0.0400
-0.113	-0.0400
-0.113	-0.0400
-0.113	-0.0400
-0.114	-0.0400
-0.114	-0.0401
-0.114	-0.0401
-0.114	-0.0401
-0.114	-0.0401
-0.114	-0.0401
-0.114	-0.0401
-0.114	-0.0401
-0.114	-0.0401
-0.114	-0.0401
-0.114	-0.0401
-0.114	-0.0401
-0.114	-0.0401
-0.115	-0.0401
-0.115	-0.0401
-0.115	-0.0401
-0.115	-0.0401
-0.115	-0.0401
-0.115	-0.0402
-0.115	-0.0402
-0.115	-0.0402
-0.115	-0.0402
-0.115	-0.0402
-0.115	-0.0402
-0.115	-0.0402
-0.116	-0.0402
-0.116	-0.0402
-0.116	-0.0402
-0.116	-0.0402
-0.116	-0.0402
-0.116	-0.0402
-0.116	-0.0402
-0.116	-0.0402
-0.116	-0.0402
-0.116	-0.0402
-0.116	-0.0402
-0.116	-0.0402
-0.116	-0.0402
-0.117	-0.0403
-0.117	-0.0403
-0.117	-0.0403
-0.117	-0.0403
-0.117	-0.0403
-0.117	-0.0403
-0.117	-0.0403
-0.117	-0.0403
-0.117	-0.0403
-0.117	-0.0404
-0.117	-0.0404
-0.117	-0.0404
-0.118	-0.0404
-0.118	-0.0404
-0.118	-0.0404
-0.118	-0.0404
-0.118	-0.0404
-0.118	-0.0404
-0.118	-0.0404
-0.118	-0.0404
-0.118	-0.0404
-0.118	-0.0405
-0.118	-0.0405
-0.119	-0.0405
-0.119	-0.0405
-0.119	-0.0405
-0.119	-0.0405
-0.119	-0.0405
-0.119	-0.0405
-0.119	-0.0405
-0.119	-0.0405
-0.119	-0.0406
-0.119	-0.0406
-0.119	-0.0406
-0.120	-0.0406
-0.120	-0.0406
-0.120	-0.0406
-0.120	-0.0406
-0.120	-0.0406
-0.120	-0.0406
-0.120	-0.0406
-0.120	-0.0407
-0.120	-0.0407
-0.120	-0.0407
-0.120	-0.0407
-0.121	-0.0407
-0.121	-0.0407
-0.121	-0.0407
-0.121	-0.0407
-0.121	-0.0407
-0.121	-0.0407
-0.121	-0.0407
-0.121	-0.0407
-0.121	-0.0407
-0.121	-0.0407
-0.121	-0.0407
-0.121	-0.0407
-0.121	-0.0408
-0.122	-0.0408
-0.122	-0.0408
-0.122	-0.0408
-0.122	-0.0408
-0.122	-0.0408
-0.122	-0.0408
-0.122	-0.0408
-0.122	-0.0409
-0.122	-0.0409
-0.122	-0.0409
-0.122	-0.0409
-0.123	-0.0409
-0.123	-0.0409
-0.123	-0.0409
-0.123	-0.0409
-0.123	-0.0409
-0.123	-0.0409
-0.123	-0.0409
-0.123	-0.0409
-0.123	-0.0409
-0.123	-0.0409
-0.123	-0.0409
-0.123	-0.0409
-0.124	-0.0409
-0.124	-0.0410
-0.124	-0.0410
-0.124	-0.0410
-0.124	-0.0410
-0.124	-0.0410
-0.124	-0.0410
-0.124	-0.0410
-0.124	-0.0410
-0.124	-0.0410
-0.124	-0.0410
-0.125	-0.0410
-0.125	-0.0410
-0.125	-0.0410
-0.125	-0.0410
-0.125	-0.0410
-0.125	-0.0410
-0.125	-0.0410
-0.125	-0.0411
-0.125	-0.0411
-0.125	-0.0411
-0.125	-0.0411
-0.126	-0.0411
-0.126	-0.0411
-0.126	-0.0411
-0.126	-0.0411
-0.126	-0.0411
-0.126	-0.0411
-0.126	-0.0411
-0.126	-0.0411
-0.126	-0.0411
-0.126	-0.0412
-0.127	-0.0412
-0.127	-0.0412
-0.127	-0.0412
-0.127	-0.0412
-0.127	-0.0412
-0.127	-0.0412
-0.127	-0.0412
-0.127	-0.0412
-0.127	-0.0412
-0.127	-0.0413
-0.127	-0.0413
-0.127	-0.0413
-0.128	-0.0413
-0.128	-0.0413
-0.128	-0.0413
-0.128	-0.0413
-0.128	-0.0413
-0.128	-0.0414
-0.128	-0.0414
-0.128	-0.0414
-0.128	-0.0414
-0.128	-0.0414
-0.129	-0.0414
-0.129	-0.0414
-0.129	-0.0414
-0.129	-0.0414
-0.129	-0.0414
-0.129	-0.0414
-0.129	-0.0414
-0.129	-0.0414
-0.129	-0.0415
-0.129	-0.0415
-0.129	-0.0415
-0.130	-0.0415
-0.130	-0.0415
-0.130	-0.0415
-0.130	-0.0415
-0.130	-0.0415
-0.130	-0.0415
-0.130	-0.0415
-0.130	-0.0416
-0.130	-0.0416
-0.130	-0.0416
-0.130	-0.0416
-0.131	-0.0416
-0.131	-0.0416
-0.131	-0.0416
-0.131	-0.0416
-0.131	-0.0416
-0.131	-0.0416
-0.131	-0.0416
-0.131	-0.0416
-0.131	-0.0416
-0.131	-0.0416
-0.131	-0.0417
-0.131	-0.0417
-0.132	-0.0417
-0.132	-0.0417
-0.132	-0.0417
-0.132	-0.0417
-0.132	-0.0417
-0.132	-0.0417
-0.132	-0.0417
-0.132	-0.0417
-0.132	-0.0417
-0.132	-0.0417
-0.132	-0.0417
-0.133	-0.0417
-0.133	-0.0417
-0.133	-0.0417
-0.133	-0.0417
-0.133	-0.0417
-0.133	-0.0417
-0.133	-0.0417
-0.133	-0.0418
-0.133	-0.0418
-0.133	-0.0418
-0.133	-0.0418
-0.133	-0.0418
-0.134	-0.0418
-0.134	-0.0418
-0.134	-0.0418
-0.134	-0.0418
-0.134	-0.0418
-0.134	-0.0418
-0.134	-0.0419
-0.134	-0.0419
-0.134	-0.0419
-0.134	-0.0419
-0.134	-0.0419
-0.135	-0.0419
-0.135	-0.0419
-0.135	-0.0419
-0.135	-0.0419
-0.135	-0.0419
-0.135	-0.0419
-0.135	-0.0419
-0.135	-0.0419
-0.135	-0.0419
-0.135	-0.0419
-0.136	-0.0419
-0.136	-0.0419
-0.136	-0.0419
-0.136	-0.0419
-0.136	-0.0419
-0.136	-0.0420
-0.136	-0.0420
-0.136	-0.0420
-0.136	-0.0420
-0.136	-0.0420
-0.136	-0.0420
-0.137	-0.0420
-0.137	-0.0420
-0.137	-0.0420
-0.137	-0.0420
-0.137	-0.0420
-0.137	-0.0420
-0.137	-0.0420
-0.137	-0.0421
-0.137	-0.0421
-0.137	-0.0421
-0.137	-0.0421
-0.138	-0.0421
-0.138	-0.0421
-0.138	-0.0421
-0.138	-0.0421
-0.138	-0.0421
-0.138	-0.0421
-0.138	-0.0422
-0.138	-0.0422
-0.138	-0.0422
-0.138	-0.0422
-0.138	-0.0422
-0.138	-0.0422
-0.139	-0.0422
-0.139	-0.0422
-0.139	-0.0422
-0.139	-0.0422
-0.139	-0.0422
-0.139	-0.0422
-0.139	-0.0422
-0.139	-0.0422
-0.139	-0.0422
-0.139	-0.0422
-0.139	-0.0422
-0.140	-0.0422
-0.140	-0.0422
-0.140	-0.0422
-0.140	-0.0423
-0.140	-0.0423
-0.140	-0.0423
-0.140	-0.0423
-0.140	-0.0423
-0.140	-0.0423
-0.140	-0.0423
-0.140	-0.0423
-0.141	-0.0423
-0.141	-0.0423
-0.141	-0.0423
-0.141	-0.0423
-0.141	-0.0423
-0.141	-0.0423
-0.141	-0.0424
-0.141	-0.0424
-0.141	-0.0424
-0.141	-0.0424
-0.141	-0.0424
-0.142	-0.0424
-0.142	-0.0424
-0.142	-0.0424
-0.142	-0.0425
-0.142	-0.0425
-0.142	-0.0425
-0.142	-0.0425
-0.142	-0.0425
-0.142	-0.0425
-0.142	-0.0425
-0.142	-0.0425
-0.142	-0.0425
-0.143	-0.0425
-0.143	-0.0425
-0.143	-0.0425
-0.143	-0.0426
-0.143	-0.0426
-0.143	-0.0426
-0.143	-0.0426
-0.143	-0.0426
-0.143	-0.0426
-0.143	-0.0426
-0.144	-0.0426
-0.144	-0.0426
-0.144	-0.0426
-0.144	-0.0426
-0.144	-0.0426
-0.144	-0.0426
-0.144	-0.0426
-0.144	-0.0426
-0.144	-0.0426
-0.144	-0.0426
-0.144	-0.0427
-0.144	-0.0427
-0.145	-0.0427
-0.145	-0.0427
-0.145	-0.0427
-0.145	-0.0427
-0.145	-0.0427
-0.145	-0.0427
-0.145	-0.0427
-0.145	-0.0427
-0.145	-0.0427
-0.145	-0.0427
-0.145	-0.0427
-0.145	-0.0427
-0.146	-0.0427
-0.146	-0.0427
-0.146	-0.0427
-0.146	-0.0427
-0.146	-0.0427
-0.146	-0.0428
-0.146	-0.0428
-0.146	-0.0428
-0.146	-0.0428
-0.146	-0.0428
-0.146	-0.0428
-0.146	-0.0428
-0.147	-0.0428
-0.147	-0.0428
-0.147	-0.0428
-0.147	-0.0428
-0.147	-0.0428
-0.147	-0.0428
-0.147	-0.0428
-0.147	-0.0429
-0.147	-0.0429
-0.147	-0.0429
-0.147	-0.0429
-0.148	-0.0429
-0.148	-0.0429
-0.148	-0.0429
-0.148	-0.0429
-0.148	-0.0429
-0.148	-0.0429
-0.148	-0.0429
-0.148	-0.0429
-0.148	-0.0429
-0.148	-0.0429
-0.148	-0.0429
-0.148	-0.0429
-0.148	-0.0429
-0.149	-0.0429
-0.149	-0.0429
-0.149	-0.0429
-0.149	-0.0429
-0.149	-0.0429
-0.149	-0.0429
-0.149	-0.0429
-0.149	-0.0429
-0.149	-0.0429
-0.149	-0.0429
-0.149	-0.0429
-0.150	-0.0429
-0.150	-0.0429
-0.150	-0.0429
-0.150	-0.0429
-0.150	-0.0429
-0.150	-0.0430
-0.150	-0.0429
-0.150	-0.0430
-0.150	-0.0430
-0.150	-0.0430
-0.150	-0.0430
-0.150	-0.0430
-0.151	-0.0430
-0.151	-0.0430
-0.151	-0.0430
-0.151	-0.0430
-0.151	-0.0430
-0.151	-0.0430
-0.151	-0.0430
-0.151	-0.0430
-0.151	-0.0430
-0.151	-0.0430
-0.151	-0.0430
-0.151	-0.0430
-0.152	-0.0430
-0.152	-0.0430
-0.152	-0.0430
-0.152	-0.0430
-0.152	-0.0430
-0.152	-0.0430
-0.152	-0.0430
-0.152	-0.0430
-0.152	-0.0430
-0.152	-0.0430
-0.152	-0.0430
-0.152	-0.0430
-0.153	-0.0430
-0.153	-0.0430
-0.153	-0.0430
-0.153	-0.0430
-0.153	-0.0430
-0.153	-0.0430
-0.153	-0.0430
-0.153	-0.0430
-0.153	-0.0431
-0.153	-0.0431
-0.153	-0.0431
-0.153	-0.0431
-0.154	-0.0431
-0.154	-0.0431
-0.154	-0.0431
-0.154	-0.0431
-0.154	-0.0431
-0.154	-0.0431
-0.154	-0.0431
-0.154	-0.0431
-0.154	-0.0431
-0.154	-0.0431
-0.154	-0.0431
-0.154	-0.0431
-0.155	-0.0431
-0.155	-0.0431
-0.155	-0.0431
-0.155	-0.0431
-0.155	-0.0431
-0.155	-0.0431
-0.155	-0.0431
-0.155	-0.0431
-0.155	-0.0431
-0.155	-0.0431
-0.155	-0.0431
-0.155	-0.0431
-0.156	-0.0431
-0.156	-0.0431
-0.156	-0.0431
-0.156	-0.0431
-0.156	-0.0432
-0.156	-0.0432
-0.156	-0.0432
-0.156	-0.0432
-0.156	-0.0432
-0.156	-0.0432
-0.156	-0.0432
-0.156	-0.0432
-0.157	-0.0432
-0.157	-0.0432
-0.157	-0.0432
-0.157	-0.0432
-0.157	-0.0432
-0.157	-0.0432
-0.157	-0.0432
-0.157	-0.0432
-0.157	-0.0432
-0.157	-0.0432
-0.157	-0.0432
-0.157	-0.0432
-0.157	-0.0432
-0.158	-0.0432
-0.158	-0.0432
-0.158	-0.0432
-0.158	-0.0432
-0.158	-0.0432
-0.158	-0.0432
-0.158	-0.0432
-0.158	-0.0432
-0.158	-0.0432
-0.158	-0.0432
-0.158	-0.0432
-0.159	-0.0432
-0.159	-0.0432
-0.159	-0.0432
-0.159	-0.0432
-0.159	-0.0433
-0.159	-0.0433
-0.159	-0.0433
-0.159	-0.0433
-0.159	-0.0433
-0.159	-0.0433
-0.159	-0.0433
-0.160	-0.0433
-0.160	-0.0433
-0.160	-0.0433
-0.160	-0.0433
-0.160	-0.0433
-0.160	-0.0433
-0.160	-0.0434
-0.160	-0.0434
-0.160	-0.0433
-0.160	-0.0434
-0.160	-0.0434
-0.160	-0.0434
-0.160	-0.0434
-0.161	-0.0434
-0.161	-0.0434
-0.161	-0.0434
-0.161	-0.0434
-0.161	-0.0434
-0.161	-0.0434
-0.161	-0.0434
-0.161	-0.0434
-0.161	-0.0434
-0.161	-0.0434
-0.161	-0.0434
-0.161	-0.0434
-0.161	-0.0434
-0.161	-0.0434
-0.162	-0.0434
-0.162	-0.0434
-0.162	-0.0434
-0.162	-0.0434
-0.162	-0.0434
-0.162	-0.0434
-0.162	-0.0434
-0.162	-0.0434
-0.162	-0.0434
-0.162	-0.0434
-0.162	-0.0434
-0.162	-0.0434
-0.162	-0.0434
-0.162	-0.0434
-0.163	-0.0435
-0.163	-0.0435
-0.163	-0.0435
-0.163	-0.0435
-0.163	-0.0435
-0.163	-0.0435
-0.163	-0.0435
-0.163	-0.0435
-0.163	-0.0435
-0.163	-0.0435
-0.163	-0.0435
-0.163	-0.0435
-0.164	-0.0435
-0.164	-0.0435
-0.164	-0.0435
-0.164	-0.0435
-0.164	-0.0435
-0.164	-0.0435
-0.164	-0.0435
-0.164	-0.0435
-0.164	-0.0435
-0.164	-0.0435
-0.164	-0.0435
-0.165	-0.0435
-0.165	-0.0435
-0.165	-0.0435
-0.165	-0.0435
-0.165	-0.0435
-0.165	-0.0435
-0.165	-0.0435
-0.165	-0.0435
-0.165	-0.0436
-0.165	-0.0436
-0.165	-0.0436
-0.165	-0.0436
-0.166	-0.0436
-0.166	-0.0436
-0.166	-0.0436
-0.166	-0.0436
-0.166	-0.0436
-0.166	-0.0436
-0.166	-0.0436
-0.166	-0.0436
-0.166	-0.0436
-0.166	-0.0436
-0.166	-0.0436
-0.166	-0.0436
-0.167	-0.0436
-0.167	-0.0436
-0.167	-0.0436
-0.167	-0.0436
-0.167	-0.0436
-0.167	-0.0436
-0.167	-0.0436
-0.167	-0.0436
-0.167	-0.0436
-0.167	-0.0437
-0.168	-0.0437
-0.168	-0.0437
-0.168	-0.0437
-0.168	-0.0437
-0.168	-0.0437
-0.168	-0.0437
-0.168	-0.0437
-0.168	-0.0437
-0.168	-0.0437
-0.168	-0.0437
-0.168	-0.0437
-0.168	-0.0437
-0.169	-0.0437
-0.169	-0.0437
-0.169	-0.0437
-0.169	-0.0437
-0.169	-0.0437
-0.169	-0.0437
-0.169	-0.0437
-0.169	-0.0437
-0.169	-0.0437
-0.169	-0.0437
-0.169	-0.0438
-0.169	-0.0438
-0.170	-0.0438
-0.170	-0.0438
-0.170	-0.0438
-0.170	-0.0438
-0.170	-0.0438
-0.170	-0.0438
-0.170	-0.0438
-0.170	-0.0438
-0.170	-0.0438
-0.170	-0.0438
-0.170	-0.0438
-0.170	-0.0438
-0.171	-0.0438
-0.171	-0.0438
-0.171	-0.0438
-0.171	-0.0438
-0.171	-0.0438
-0.171	-0.0438
-0.171	-0.0438
-0.171	-0.0438
-0.171	-0.0438
-0.171	-0.0438
-0.171	-0.0438
-0.171	-0.0438
-0.171	-0.0438
-0.172	-0.0438
-0.172	-0.0438
-0.172	-0.0438
-0.172	-0.0438
-0.172	-0.0438
-0.172	-0.0438
-0.172	-0.0438
-0.172	-0.0438
-0.172	-0.0439
-0.173	-0.0439
-0.173	-0.0439
-0.173	-0.0439
-0.173	-0.0439
-0.173	-0.0439
-0.173	-0.0439
-0.173	-0.0439
-0.173	-0.0439
-0.173	-0.0439
-0.173	-0.0439
-0.173	-0.0439
-0.173	-0.0439
-0.174	-0.0439
-0.174	-0.0439
-0.174	-0.0439
-0.174	-0.0439
-0.174	-0.0439
-0.174	-0.0439
-0.174	-0.0439
-0.174	-0.0439
-0.174	-0.0439
-0.174	-0.0439
-0.174	-0.0439
-0.175	-0.0439
-0.175	-0.0439
-0.175	-0.0439
-0.175	-0.0439
-0.175	-0.0439
-0.175	-0.0439
-0.175	-0.0439
-0.175	-0.0439
-0.175	-0.0439
-0.175	-0.0439
-0.175	-0.0439
-0.176	-0.0439
-0.176	-0.0439
-0.176	-0.0439
-0.176	-0.0439
-0.176	-0.0439
-0.176	-0.0439
-0.176	-0.0439
-0.176	-0.0439
-0.176	-0.0439
-0.176	-0.0439
-0.176	-0.0439
-0.177	-0.0439
-0.177	-0.0439
-0.177	-0.0439
-0.177	-0.0439
-0.177	-0.0439
-0.177	-0.0439
-0.177	-0.0439
-0.177	-0.0439
-0.177	-0.0439
-0.177	-0.0439
-0.177	-0.0439
-0.178	-0.0439
-0.178	-0.0439
-0.178	-0.0439
-0.178	-0.0439
-0.178	-0.0439
-0.178	-0.0439
-0.178	-0.0439
-0.178	-0.0439
-0.178	-0.0439
-0.178	-0.0439
-0.178	-0.0439
-0.178	-0.0439
-0.178	-0.0439
-0.179	-0.0439
-0.179	-0.0439
-0.179	-0.0440
-0.179	-0.0440
-0.179	-0.0440
-0.179	-0.0440
-0.179	-0.0440
-0.179	-0.0440
-0.179	-0.0440
-0.180	-0.0440
-0.180	-0.0440
-0.180	-0.0440
-0.180	-0.0440
-0.180	-0.0440
-0.180	-0.0440
-0.180	-0.0440
-0.180	-0.0440
-0.180	-0.0440
-0.180	-0.0440
-0.180	-0.0440
-0.180	-0.0440
-0.181	-0.0440
-0.181	-0.0440
-0.181	-0.0440
-0.181	-0.0440
-0.181	-0.0440
-0.181	-0.0440
-0.181	-0.0440
-0.181	-0.0440
-0.181	-0.0440
-0.181	-0.0440
-0.182	-0.0440
-0.182	-0.0440
-0.182	-0.0440
-0.182	-0.0440
-0.182	-0.0440
-0.182	-0.0440
-0.182	-0.0440
-0.182	-0.0440
-0.182	-0.0440
-0.182	-0.0440
-0.182	-0.0440
-0.183	-0.0440
-0.183	-0.0440
-0.183	-0.0440
-0.183	-0.0440
-0.183	-0.0440
-0.183	-0.0440
-0.183	-0.0440
-0.183	-0.0440
-0.183	-0.0440
-0.183	-0.0440
-0.183	-0.0441
-0.183	-0.0440
-0.184	-0.0441
-0.184	-0.0440
-0.184	-0.0441
-0.184	-0.0441
-0.184	-0.0441
-0.184	-0.0441
-0.184	-0.0441
-0.184	-0.0441
-0.184	-0.0441
-0.184	-0.0441
-0.184	-0.0441
-0.185	-0.0441
-0.185	-0.0441
-0.185	-0.0441
-0.185	-0.0441
-0.185	-0.0441
-0.185	-0.0441
-0.185	-0.0441
-0.185	-0.0441
-0.185	-0.0441
-0.185	-0.0441
-0.185	-0.0441
-0.185	-0.0441
-0.186	-0.0441
-0.186	-0.0441
-0.186	-0.0441
-0.186	-0.0441
-0.186	-0.0441
-0.186	-0.0441
-0.186	-0.0441
-0.186	-0.0441
-0.186	-0.0441
-0.186	-0.0441
-0.186	-0.0441
-0.187	-0.0441
-0.187	-0.0441
-0.187	-0.0441
-0.187	-0.0441
-0.187	-0.0441
-0.187	-0.0441
-0.187	-0.0441
-0.187	-0.0441
-0.187	-0.0441
-0.187	-0.0441
-0.187	-0.0441
-0.188	-0.0441
-0.188	-0.0441
-0.188	-0.0441
-0.188	-0.0441
-0.188	-0.0441
-0.188	-0.0441
-0.188	-0.0441
-0.188	-0.0441
-0.188	-0.0441
-0.188	-0.0441
-0.188	-0.0441
-0.189	-0.0441
-0.189	-0.0441
-0.189	-0.0441
-0.189	-0.0441
-0.189	-0.0441
-0.189	-0.0441
-0.189	-0.0441
-0.189	-0.0441
-0.189	-0.0441
-0.189	-0.0441
-0.189	-0.0441
-0.190	-0.0441
-0.190	-0.0441
-0.190	-0.0441
-0.190	-0.0441
-0.190	-0.0441
-0.190	-0.0441
-0.190	-0.0441
-0.190	-0.0441
-0.190	-0.0441
-0.190	-0.0441
-0.190	-0.0441
-0.191	-0.0441
-0.191	-0.0441
-0.191	-0.0441
-0.191	-0.0441
-0.191	-0.0441
-0.191	-0.0441
-0.191	-0.0441
-0.191	-0.0441
-0.191	-0.0442
-0.191	-0.0442
-0.192	-0.0442
-0.192	-0.0442
-0.192	-0.0441
-0.192	-0.0442
-0.192	-0.0442
-0.192	-0.0442
-0.192	-0.0442
-0.192	-0.0442
-0.192	-0.0442
-0.192	-0.0442
-0.192	-0.0442
-0.192	-0.0442
-0.192	-0.0442
-0.193	-0.0442
-0.193	-0.0442
-0.193	-0.0442
-0.193	-0.0442
-0.193	-0.0442
-0.193	-0.0442
-0.193	-0.0442
-0.193	-0.0442
-0.193	-0.0442
-0.193	-0.0442
-0.194	-0.0442
-0.194	-0.0442
-0.194	-0.0442
-0.194	-0.0442
-0.194	-0.0442
-0.194	-0.0442
-0.194	-0.0442
-0.194	-0.0442
-0.194	-0.0442
-0.194	-0.0442
-0.194	-0.0442
-0.194	-0.0442
-0.195	-0.0442
-0.195	-0.0442
-0.195	-0.0442
-0.195	-0.0442
-0.195	-0.0442
-0.195	-0.0442
-0.195	-0.0442
-0.195	-0.0442
-0.195	-0.0442
-0.195	-0.0442
-0.195	-0.0442
-0.195	-0.0442
-0.196	-0.0442
-0.196	-0.0442
-0.196	-0.0442
-0.196	-0.0442
-0.196	-0.0442
-0.196	-0.0442
-0.196	-0.0442
-0.196	-0.0442
-0.196	-0.0442
-0.196	-0.0442
-0.196	-0.0442
-0.196	-0.0442
-0.197	-0.0442
-0.197	-0.0442
-0.197	-0.0442
-0.197	-0.0442
-0.197	-0.0442
-0.197	-0.0442
-0.197	-0.0442
-0.197	-0.0442
-0.197	-0.0442
-0.197	-0.0442
-0.198	-0.0442
-0.198	-0.0442
-0.198	-0.0442
-0.198	-0.0442
-0.198	-0.0442
-0.198	-0.0442
-0.198	-0.0442
-0.198	-0.0442
-0.198	-0.0442
-0.198	-0.0442
-0.198	-0.0442
-0.198	-0.0442
-0.198	-0.0442
-0.199	-0.0442
-0.199	-0.0442
-0.199	-0.0442
-0.199	-0.0442
-0.199	-0.0442
-0.199	-0.0442
-0.199	-0.0442
-0.199	-0.0442
-0.199	-0.0442
-0.199	-0.0442
-0.199	-0.0442
-0.200	-0.0442
-0.200	-0.0442
-0.200	-0.0442
-0.200	-0.0442
-0.200	-0.0442
-0.200	-0.0442
-0.200	-0.0442
-0.200	-0.0443
-0.200	-0.0442
-0.200	-0.0443
-0.200	-0.0443
-0.200	-0.0443
-0.201	-0.0443
-0.201	-0.0443
-0.201	-0.0443
-0.201	-0.0443
-0.201	-0.0443
-0.201	-0.0443
-0.201	-0.0443
-0.201	-0.0443
-0.201	-0.0443
-0.201	-0.0443
-0.201	-0.0443
-0.201	-0.0443
-0.201	-0.0443
-0.202	-0.0443
-0.202	-0.0443
-0.202	-0.0443
-0.202	-0.0443
-0.202	-0.0443
-0.202	-0.0443
-0.202	-0.0443
-0.202	-0.0443
-0.202	-0.0443
-0.202	-0.0443
-0.202	-0.0443
-0.202	-0.0443
-0.203	-0.0443
-0.203	-0.0443
-0.203	-0.0443
-0.203	-0.0443
-0.203	-0.0443
-0.203	-0.0443
-0.203	-0.0443
-0.203	-0.0443
-0.203	-0.0443
-0.203	-0.0443
-0.203	-0.0443
-0.204	-0.0443
-0.204	-0.0443
-0.204	-0.0443
-0.204	-0.0443
-0.204	-0.0443
-0.204	-0.0443
-0.204	-0.0443
-0.204	-0.0443
-0.204	-0.0443
-0.204	-0.0443
-0.204	-0.0443
-0.204	-0.0443
-0.204	-0.0443
-0.205	-0.0443
-0.205	-0.0443
-0.205	-0.0443
-0.205	-0.0443
-0.205	-0.0443
-0.205	-0.0443
-0.205	-0.0443
-0.205	-0.0443
-0.205	-0.0443
-0.205	-0.0443
-0.205	-0.0443
-0.205	-0.0443
-0.206	-0.0443
-0.206	-0.0443
-0.206	-0.0443
-0.206	-0.0443
-0.206	-0.0443
-0.206	-0.0443
-0.206	-0.0443
-0.206	-0.0443
-0.206	-0.0443
-0.206	-0.0443
-0.206	-0.0443
-0.206	-0.0443
-0.207	-0.0443
-0.207	-0.0443
-0.207	-0.0443
-0.207	-0.0443
-0.207	-0.0443
-0.207	-0.0443
-0.207	-0.0443
-0.207	-0.0443
-0.207	-0.0443
-0.207	-0.0443
-0.207	-0.0443
-0.207	-0.0443
-0.208	-0.0443
-0.208	-0.0443
-0.208	-0.0443
-0.208	-0.0443
-0.208	-0.0443
-0.208	-0.0443
-0.208	-0.0443
-0.208	-0.0443
-0.208	-0.0443
-0.208	-0.0443
-0.208	-0.0443
-0.209	-0.0443
-0.209	-0.0443
-0.209	-0.0443
-0.209	-0.0443
-0.209	-0.0443
-0.209	-0.0443
-0.209	-0.0443
-0.209	-0.0443
-0.209	-0.0443
-0.209	-0.0443
-0.209	-0.0443
-0.209	-0.0443
-0.209	-0.0443
-0.209	-0.0443
-0.209	-0.0443
-0.210	-0.0443
-0.210	-0.0443
-0.210	-0.0443
-0.210	-0.0443
-0.210	-0.0443
-0.210	-0.0443
-0.210	-0.0443
-0.210	-0.0443
-0.210	-0.0443
-0.210	-0.0443
-0.210	-0.0443
-0.210	-0.0443
-0.211	-0.0443
-0.211	-0.0443
-0.211	-0.0443
-0.211	-0.0443
-0.211	-0.0443
-0.211	-0.0443
-0.211	-0.0443
-0.211	-0.0443
-0.211	-0.0443
-0.211	-0.0443
-0.211	-0.0443
-0.211	-0.0443
-0.211	-0.0443
-0.212	-0.0443
-0.212	-0.0443
-0.212	-0.0443
-0.212	-0.0443
-0.212	-0.0443
-0.212	-0.0443
-0.212	-0.0443
-0.212	-0.0443
-0.212	-0.0443
-0.212	-0.0443
-0.212	-0.0443
-0.212	-0.0443
-0.212	-0.0443
-0.213	-0.0443
-0.213	-0.0443
-0.213	-0.0443
-0.213	-0.0443
-0.213	-0.0443
-0.213	-0.0443
-0.213	-0.0443
-0.213	-0.0443
-0.213	-0.0443
-0.213	-0.0443
-0.213	-0.0443
-0.214	-0.0443
-0.214	-0.0443
-0.214	-0.0443
-0.214	-0.0443
-0.214	-0.0443
-0.214	-0.0443
-0.214	-0.0443
-0.214	-0.0443
-0.214	-0.0443
-0.214	-0.0443
-0.214	-0.0443
-0.215	-0.0443
-0.215	-0.0443
-0.215	-0.0443
-0.215	-0.0443
-0.215	-0.0443
-0.215	-0.0443
-0.215	-0.0443
-0.215	-0.0443
-0.215	-0.0443
-0.215	-0.0443
-0.215	-0.0443
-0.215	-0.0444
-0.216	-0.0444
-0.216	-0.0444
-0.216	-0.0444
-0.216	-0.0444
-0.216	-0.0444
-0.216	-0.0444
-0.216	-0.0444
-0.216	-0.0444
-0.216	-0.0444
-0.216	-0.0444
-0.216	-0.0444
-0.216	-0.0444
-0.217	-0.0444
-0.217	-0.0444
-0.217	-0.0444
-0.217	-0.0444
-0.217	-0.0444
-0.217	-0.0444
-0.217	-0.0444
-0.217	-0.0444
-0.217	-0.0444
-0.217	-0.0444
-0.217	-0.0444
-0.217	-0.0444
-0.218	-0.0444
-0.218	-0.0444
-0.218	-0.0444
-0.218	-0.0444
-0.218	-0.0444
-0.218	-0.0444
-0.218	-0.0444
-0.218	-0.0444
-0.218	-0.0444
-0.218	-0.0444
-0.218	-0.0444
-0.218	-0.0444
-0.219	-0.0444
-0.219	-0.0444
-0.219	-0.0444
-0.219	-0.0444
-0.219	-0.0444
-0.219	-0.0444
-0.219	-0.0444
-0.219	-0.0444
-0.219	-0.0444
-0.219	-0.0444
-0.219	-0.0444
-0.220	-0.0444
-0.220	-0.0444
-0.220	-0.0444
-0.220	-0.0444
-0.220	-0.0444
-0.220	-0.0444
-0.220	-0.0444
-0.220	-0.0444
-0.220	-0.0444
-0.220	-0.0444
-0.220	-0.0444
-0.220	-0.0444
-0.220	-0.0444
-0.221	-0.0444
-0.221	-0.0444
-0.221	-0.0444
-0.221	-0.0444
-0.221	-0.0444
-0.221	-0.0444
-0.221	-0.0444
-0.221	-0.0444
-0.221	-0.0444
-0.221	-0.0444
-0.222	-0.0444
-0.222	-0.0444
-0.222	-0.0444
-0.222	-0.0444
-0.222	-0.0444
-0.222	-0.0444
-0.222	-0.0444
-0.222	-0.0444
-0.222	-0.0444
-0.222	-0.0444
-0.222	-0.0444
-0.223	-0.0444
-0.223	-0.0444
-0.223	-0.0444
-0.223	-0.0444
-0.223	-0.0444
-0.223	-0.0444
-0.223	-0.0444
-0.223	-0.0444
-0.223	-0.0444
-0.223	-0.0444
-0.223	-0.0444
-0.223	-0.0444
-0.223	-0.0444
-0.224	-0.0444
-0.224	-0.0444
-0.224	-0.0444
-0.224	-0.0444
-0.224	-0.0444
-0.224	-0.0444
-0.224	-0.0444
-0.224	-0.0444
-0.224	-0.0444
-0.224	-0.0444
-0.224	-0.0444
-0.224	-0.0444
-0.225	-0.0444
-0.225	-0.0444
-0.225	-0.0444
-0.225	-0.0444
-0.225	-0.0444
-0.225	-0.0444
-0.225	-0.0444
-0.225	-0.0444
-0.225	-0.0444
-0.225	-0.0444
-0.225	-0.0444
-0.225	-0.0444
-0.226	-0.0444
-0.226	-0.0444
-0.226	-0.0444
-0.226	-0.0444
-0.226	-0.0444
-0.226	-0.0444
-0.226	-0.0444
-0.226	-0.0444
-0.226	-0.0444
-0.226	-0.0444
-0.226	-0.0444
-0.227	-0.0444
-0.227	-0.0444
-0.227	-0.0444
-0.227	-0.0444
-0.227	-0.0444
-0.227	-0.0444
-0.227	-0.0444
-0.227	-0.0444
-0.227	-0.0444
-0.227	-0.0444
-0.227	-0.0444
-0.227	-0.0444
-0.228	-0.0444
-0.228	-0.0444
-0.228	-0.0444
-0.228	-0.0444
-0.228	-0.0444
-0.228	-0.0444
-0.228	-0.0444
-0.228	-0.0444
-0.228	-0.0444
-0.228	-0.0444
-0.229	-0.0444
-0.229	-0.0444
-0.229	-0.0444
-0.229	-0.0444
-0.229	-0.0444
-0.229	-0.0444
-0.229	-0.0444
-0.229	-0.0444
-0.229	-0.0444
-0.229	-0.0444
-0.229	-0.0444
-0.229	-0.0444
-0.230	-0.0444
-0.230	-0.0444
-0.230	-0.0444
-0.230	-0.0444
-0.230	-0.0444
-0.230	-0.0444
-0.230	-0.0444
-0.230	-0.0444
-0.230	-0.0444
-0.230	-0.0444
-0.230	-0.0444
-0.231	-0.0444
-0.231	-0.0444
-0.231	-0.0444
-0.231	-0.0444
-0.231	-0.0444
-0.231	-0.0444
-0.231	-0.0444
-0.231	-0.0444
-0.231	-0.0444
-0.231	-0.0444
-0.231	-0.0444
-0.232	-0.0444
-0.232	-0.0444
-0.232	-0.0444
-0.232	-0.0444
-0.232	-0.0444
-0.232	-0.0444
-0.232	-0.0444
-0.232	-0.0444
-0.232	-0.0444
-0.232	-0.0444
-0.232	-0.0444
-0.233	-0.0444
-0.233	-0.0444
-0.233	-0.0444
-0.233	-0.0444
-0.233	-0.0444
-0.233	-0.0444
-0.233	-0.0444
-0.233	-0.0444
-0.233	-0.0444
-0.233	-0.0444
-0.233	-0.0444
-0.234	-0.0444
-0.234	-0.0444
-0.234	-0.0444
-0.234	-0.0444
-0.234	-0.0444
-0.234	-0.0444
-0.234	-0.0444
-0.234	-0.0444
-0.234	-0.0444
-0.234	-0.0444
-0.234	-0.0444
-0.235	-0.0444
-0.235	-0.0444
-0.235	-0.0444
-0.235	-0.0444
-0.235	-0.0444
-0.235	-0.0444
-0.235	-0.0444
-0.235	-0.0444
-0.235	-0.0444
-0.235	-0.0444
-0.235	-0.0444
-0.235	-0.0444
-0.236	-0.0444
-0.236	-0.0444
-0.236	-0.0444
-0.236	-0.0444
-0.236	-0.0444
-0.236	-0.0444
-0.236	-0.0444
-0.236	-0.0444
-0.236	-0.0444
-0.237	-0.0444
-0.237	-0.0444
-0.237	-0.0444
-0.237	-0.0444
-0.237	-0.0444
-0.237	-0.0444
-0.237	-0.0444
-0.237	-0.0444
-0.237	-0.0444
-0.237	-0.0444
-0.237	-0.0444
-0.237	-0.0444
-0.238	-0.0444
-0.238	-0.0444
-0.238	-0.0444
-0.238	-0.0444
-0.238	-0.0444
-0.238	-0.0444
-0.238	-0.0444
-0.238	-0.0444
-0.238	-0.0444
-0.238	-0.0444
-0.238	-0.0444
-0.238	-0.0444
-0.239	-0.0444
-0.239	-0.0444
-0.239	-0.0444
-0.239	-0.0444
-0.239	-0.0444
-0.239	-0.0444
-0.239	-0.0444
-0.239	-0.0444
-0.239	-0.0444
-0.239	-0.0444
-0.240	-0.0444
-0.240	-0.0444
-0.240	-0.0444
-0.240	-0.0444
-0.240	-0.0444
-0.240	-0.0444
-0.240	-0.0444
-0.240	-0.0444
-0.240	-0.0444
-0.240	-0.0444
-0.240	-0.0444
-0.241	-0.0444
-0.241	-0.0444
-0.241	-0.0444
-0.241	-0.0444
-0.241	-0.0444
-0.241	-0.0444
