0.000	0.000
0.000	1.094
0.000	1.771
0.000	2.292
0.000	3.021
0.000	3.542
0.000	4.063
-0.001	4.792
-0.001	4.948
-0.001	5.312
-0.001	5.468
-0.001	5.988
-0.001	5.988
-0.001	6.508
-0.001	6.873
-0.001	7.237
-0.001	7.601
-0.001	7.757
-0.002	8.121
-0.002	8.277
-0.002	8.797
-0.002	8.484
-0.002	9.004
-0.002	9.004
-0.002	9.681
-0.002	9.315
-0.002	9.523
-0.002	10.044
-0.002	10.407
-0.003	10.562
-0.003	10.562
-0.003	10.717
-0.003	10.925
-0.003	10.716
-0.003	11.443
-0.003	11.078
-0.003	11.598
-0.003	11.597
-0.003	12.169
-0.003	12.169
-0.004	12.325
-0.004	12.481
-0.004	12.689
-0.004	12.688
-0.004	13.001
-0.004	12.844
-0.004	13.363
-0.004	12.999
-0.004	13.569
-0.004	13.570
-0.004	13.881
-0.005	13.725
-0.005	14.088
-0.005	14.089
-0.005	14.401
-0.005	14.401
-0.005	14.400
-0.005	14.399
-0.005	14.762
-0.005	14.606
-0.005	14.969
-0.005	14.762
-0.005	15.125
-0.005	15.280
-0.006	15.643
-0.006	15.641
-0.006	15.640
-0.006	16.004
-0.006	16.003
-0.006	15.796
-0.006	16.002
-0.006	16.159
-0.006	16.523
-0.006	16.522
-0.006	16.522
-0.006	16.677
-0.007	17.041
-0.007	17.040
-0.007	17.039
-0.007	17.195
-0.007	17.558
-0.007	17.559
-0.007	17.402
-0.007	17.557
-0.007	17.919
-0.007	17.919
-0.007	18.074
-0.007	18.282
-0.007	18.594
-0.008	18.438
-0.008	18.591
-0.008	18.954
-0.008	18.797
-0.008	19.159
-0.008	18.952
-0.008	19.315
-0.008	19.315
-0.008	19.680
-0.008	19.679
-0.008	20.044
-0.008	19.836
-0.008	20.356
-0.009	20.199
-0.009	20.354
-0.009	20.198
-0.009	20.562
-0.009	20.355
-0.009	20.873
-0.009	20.872
-0.009	21.235
-0.009	21.078
-0.009	21.233
-0.009	21.440
-0.009	21.750
-0.010	21.437
-0.010	21.749
-0.010	21.592
-0.010	21.956
-0.010	21.748
-0.010	22.110
-0.010	22.265
-0.010	22.629
-0.010	22.628
-0.010	22.990
-0.010	22.834
-0.010	23.145
-0.011	23.145
-0.011	23.665
-0.011	23.509
-0.011	23.871
-0.011	23.509
-0.011	24.235
-0.011	24.027
-0.011	24.545
-0.011	24.545
-0.011	24.752
-0.011	24.752
-0.011	25.062
-0.011	25.061
-0.012	25.266
-0.012	25.263
-0.012	25.781
-0.012	25.626
-0.012	26.144
-0.012	25.936
-0.012	26.455
-0.012	26.299
-0.012	26.661
-0.012	26.661
-0.012	27.024
-0.012	26.816
-0.012	27.023
-0.013	27.020
-0.013	27.176
-0.013	27.331
-0.013	27.695
-0.013	27.901
-0.013	28.057
-0.013	28.212
-0.013	28.208
-0.013	28.414
-0.013	28.413
-0.013	28.567
-0.014	28.565
-0.014	28.566
-0.014	28.929
-0.014	28.928
-0.014	29.083
-0.014	29.446
-0.014	29.291
-0.014	29.601
-0.014	29.602
-0.014	29.601
-0.014	29.602
-0.014	29.965
-0.014	29.809
-0.015	29.965
-0.015	30.120
-0.015	30.326
-0.015	30.479
-0.015	30.995
-0.015	30.993
-0.015	31.354
-0.015	31.199
-0.015	31.508
-0.015	31.351
-0.015	31.506
-0.016	31.350
-0.016	31.867
-0.016	31.710
-0.016	32.227
-0.016	32.226
-0.016	32.586
-0.016	32.377
-0.016	32.737
-0.016	32.373
-0.016	32.889
-0.016	32.577
-0.016	32.888
-0.017	32.579
-0.017	33.460
-0.017	32.888
-0.017	33.613
-0.017	33.457
-0.017	33.973
-0.017	33.764
-0.017	34.127
-0.017	33.762
-0.017	33.971
-0.017	33.971
-0.017	34.123
-0.017	33.966
-0.018	33.964
-0.018	34.271
-0.018	34.476
-0.018	34.268
-0.018	34.630
-0.018	34.628
-0.018	34.833
-0.018	34.624
-0.018	34.622
-0.018	34.826
-0.019	35.131
-0.019	34.977
-0.019	35.132
-0.019	35.339
-0.019	35.700
-0.019	35.339
-0.019	35.495
-0.019	35.859
-0.019	36.222
-0.019	35.858
-0.019	35.857
-0.019	35.855
-0.019	36.216
-0.020	36.005
-0.020	36.212
-0.020	36.209
-0.020	36.725
-0.020	36.879
-0.020	36.514
-0.020	36.719
-0.020	36.718
-0.020	37.233
-0.020	36.868
-0.021	36.867
-0.021	36.505
-0.021	37.226
-0.021	36.862
-0.021	37.221
-0.021	37.581
-0.021	37.580
-0.021	37.576
-0.021	37.731
-0.021	37.730
-0.021	37.728
-0.021	37.728
-0.022	37.880
-0.022	37.569
-0.022	38.240
-0.022	37.878
-0.022	38.238
-0.022	38.236
-0.022	38.599
-0.022	38.236
-0.022	38.235
-0.022	38.440
-0.022	38.594
-0.022	38.228
-0.023	38.949
-0.023	38.585
-0.023	38.738
-0.023	38.734
-0.023	39.248
-0.023	39.247
-0.023	39.604
-0.023	39.085
-0.023	39.447
-0.023	39.238
-0.023	39.599
-0.023	39.234
-0.024	39.800
-0.024	39.590
-0.024	40.105
-0.024	39.948
-0.024	40.460
-0.024	40.096
-0.024	40.611
-0.024	40.300
-0.024	40.299
-0.024	40.296
-0.024	40.297
-0.025	40.296
-0.025	40.297
-0.025	40.453
-0.025	40.810
-0.025	40.811
-0.025	40.811
-0.025	40.809
-0.025	40.961
-0.025	40.599
-0.025	40.600
-0.025	40.443
-0.025	40.958
-0.026	40.800
-0.026	40.592
-0.026	40.795
-0.026	40.793
-0.026	40.943
-0.026	40.938
-0.026	41.297
-0.026	41.294
-0.026	41.294
-0.026	41.292
-0.027	41.289
-0.027	41.443
-0.027	41.441
-0.027	41.130
-0.027	42.001
-0.027	41.639
-0.027	42.001
-0.027	41.998
-0.027	42.306
-0.027	41.995
-0.027	42.297
-0.028	41.985
-0.028	42.500
-0.028	42.289
-0.028	43.008
-0.028	42.129
-0.028	42.488
-0.028	42.484
-0.028	42.792
-0.028	42.481
-0.028	42.994
-0.028	42.630
-0.029	42.990
-0.029	42.987
-0.029	43.343
-0.029	42.621
-0.029	43.340
-0.029	42.772
-0.029	43.129
-0.029	42.973
-0.029	43.331
-0.029	42.969
-0.030	43.326
-0.030	42.963
-0.030	43.477
-0.030	42.962
-0.030	43.320
-0.030	43.112
-0.030	43.468
-0.030	43.316
-0.030	43.622
-0.030	43.467
-0.030	43.822
-0.030	43.819
-0.031	43.971
-0.031	43.815
-0.031	44.483
-0.031	43.968
-0.031	44.324
-0.031	44.323
-0.031	44.682
-0.031	44.111
-0.031	44.467
-0.031	44.464
-0.031	44.669
-0.032	44.459
-0.032	44.816
-0.032	44.660
-0.032	45.170
-0.032	44.810
-0.032	45.171
-0.032	44.962
-0.032	45.475
-0.032	45.166
-0.032	45.316
-0.032	45.466
-0.032	45.671
-0.033	45.823
-0.033	45.664
-0.033	45.661
-0.033	45.657
-0.033	46.164
-0.033	45.442
-0.033	45.800
-0.033	45.644
-0.033	46.310
-0.033	46.152
-0.034	46.151
-0.034	46.148
-0.034	46.507
-0.034	46.301
-0.034	46.812
-0.034	46.504
-0.034	47.010
-0.034	46.289
-0.034	46.641
-0.034	46.640
-0.034	47.148
-0.034	46.786
-0.035	46.987
-0.035	46.985
-0.035	47.136
-0.035	47.134
-0.035	47.492
-0.035	47.127
-0.035	47.333
-0.035	47.326
-0.035	47.839
-0.035	47.476
-0.036	47.986
-0.036	47.622
-0.036	48.131
-0.036	47.615
-0.036	47.972
-0.036	47.816
-0.036	48.324
-0.036	47.966
-0.036	48.122
-0.036	47.967
-0.036	48.683
-0.037	48.323
-0.037	48.832
-0.037	48.470
-0.037	48.975
-0.037	48.665
-0.037	48.971
-0.037	48.660
-0.037	49.170
-0.037	48.812
-0.037	48.964
-0.037	48.957
-0.038	49.516
-0.038	49.307
-0.038	49.815
-0.038	49.507
-0.038	49.660
-0.038	49.811
-0.038	50.014
-0.038	49.809
-0.038	49.651
-0.038	50.520
-0.038	50.003
-0.039	50.001
-0.039	49.791
-0.039	50.505
-0.039	50.502
-0.039	50.295
-0.039	50.137
-0.039	50.648
-0.039	50.646
-0.039	50.283
-0.039	50.285
-0.039	51.155
-0.039	51.153
-0.040	50.839
-0.040	50.834
-0.040	51.343
-0.040	51.343
-0.040	50.985
-0.040	51.135
-0.040	51.336
-0.040	51.487
-0.040	51.639
-0.040	51.326
-0.041	51.630
-0.041	51.627
-0.041	51.829
-0.041	51.829
-0.041	52.183
-0.041	51.974
-0.041	52.331
-0.041	52.171
-0.041	52.322
-0.041	52.162
-0.041	52.464
-0.041	52.152
-0.042	52.662
-0.042	52.301
-0.042	52.656
-0.042	52.653
-0.042	52.801
-0.042	52.799
-0.042	53.305
-0.042	52.792
-0.042	53.147
-0.042	52.941
-0.043	53.500
-0.043	52.933
-0.043	53.642
-0.043	53.488
-0.043	53.791
-0.043	53.635
-0.043	53.991
-0.043	53.782
-0.043	53.626
-0.043	53.626
-0.043	54.137
-0.043	53.780
-0.044	53.623
-0.044	53.615
-0.044	54.275
-0.044	54.116
-0.044	54.115
-0.044	54.466
-0.044	54.819
-0.044	54.610
-0.044	54.608
-0.044	54.606
-0.044	54.961
-0.045	55.312
-0.045	54.595
-0.045	54.794
-0.045	55.304
-0.045	54.945
-0.045	55.093
-0.045	55.091
-0.045	55.646
-0.045	55.286
-0.045	55.436
-0.045	55.436
-0.046	55.787
-0.046	55.428
-0.046	55.632
-0.046	55.631
-0.046	55.779
-0.046	56.441
-0.046	56.283
-0.046	56.431
-0.046	56.427
-0.046	56.422
-0.046	56.267
-0.046	56.421
-0.047	56.265
-0.047	56.770
-0.047	56.259
-0.047	56.611
-0.047	56.609
-0.047	56.961
-0.047	56.757
-0.047	56.956
-0.047	56.952
-0.047	57.103
-0.047	56.740
-0.047	57.093
-0.048	56.934
-0.048	57.440
-0.048	56.722
-0.048	57.226
-0.048	57.072
-0.048	57.577
-0.048	57.424
-0.048	57.423
-0.048	57.419
-0.048	57.570
-0.048	57.568
-0.048	57.721
-0.048	57.412
-0.049	58.069
-0.049	57.405
-0.049	57.911
-0.049	57.703
-0.049	58.259
-0.049	58.051
-0.049	58.405
-0.049	58.252
-0.049	58.400
-0.049	58.247
-0.049	58.397
-0.049	58.036
-0.050	58.742
-0.050	58.228
-0.050	58.881
-0.050	58.517
-0.050	59.023
-0.050	58.714
-0.050	59.222
-0.050	58.710
-0.050	59.213
-0.050	58.852
-0.051	59.205
-0.051	58.845
-0.051	58.990
-0.051	59.341
-0.051	59.338
-0.051	59.331
-0.051	59.685
-0.051	59.529
-0.051	59.679
-0.051	59.678
-0.051	59.673
-0.052	59.675
-0.052	59.670
-0.052	59.819
-0.052	59.814
-0.052	60.017
-0.052	60.168
-0.052	60.163
-0.052	60.315
-0.052	60.511
-0.052	60.304
-0.052	60.146
-0.052	60.296
-0.052	60.142
-0.053	60.292
-0.053	60.287
-0.053	60.488
-0.053	60.485
-0.053	60.633
-0.053	60.983
-0.053	61.132
-0.053	60.978
-0.053	60.971
-0.053	61.320
-0.053	60.961
-0.054	61.315
-0.054	60.959
-0.054	61.459
-0.054	61.100
-0.054	61.808
-0.054	61.447
-0.054	61.798
-0.054	61.641
-0.054	61.944
-0.054	61.633
-0.054	61.933
-0.054	61.626
-0.055	62.128
-0.055	61.774
-0.055	62.281
-0.055	62.119
-0.055	62.420
-0.055	62.264
-0.055	62.613
-0.055	62.406
-0.055	62.607
-0.055	62.400
-0.055	62.749
-0.055	62.397
-0.055	62.747
-0.056	62.593
-0.056	62.944
-0.056	62.943
-0.056	63.243
-0.056	63.087
-0.056	63.081
-0.056	63.230
-0.056	63.429
-0.056	63.224
-0.056	63.422
-0.056	63.214
-0.056	63.566
-0.057	63.409
-0.057	63.558
-0.057	63.557
-0.057	63.906
-0.057	63.905
-0.057	64.052
-0.057	64.048
-0.057	64.241
-0.057	63.678
-0.057	63.876
-0.057	63.670
-0.057	64.019
-0.058	63.860
-0.058	64.215
-0.058	64.363
-0.058	64.514
-0.058	64.515
-0.058	64.710
-0.058	64.862
-0.058	64.860
-0.058	65.006
-0.058	64.852
-0.058	64.847
-0.058	64.688
-0.058	65.341
-0.059	65.189
-0.059	65.340
-0.059	65.536
-0.059	65.683
-0.059	65.679
-0.059	65.528
-0.059	65.523
-0.059	65.820
-0.059	65.309
-0.059	65.658
-0.059	65.500
-0.059	65.997
-0.060	65.794
-0.060	65.992
-0.060	66.139
-0.060	66.491
-0.060	66.289
-0.060	66.285
-0.060	66.279
-0.060	66.629
-0.060	66.272
-0.060	66.470
-0.060	66.468
-0.060	67.119
-0.060	67.117
-0.060	67.317
-0.061	67.315
-0.061	67.311
-0.061	67.455
-0.061	67.655
-0.061	67.449
-0.061	67.646
-0.061	67.645
-0.061	67.941
-0.061	67.790
-0.061	68.137
-0.061	68.136
-0.061	68.282
-0.061	68.279
-0.062	68.625
-0.062	68.619
-0.062	68.766
-0.062	68.764
-0.062	68.759
-0.062	68.601
-0.062	69.102
-0.062	68.745
-0.062	69.246
-0.062	69.247
-0.062	69.747
-0.062	69.593
-0.063	69.732
-0.063	69.723
-0.063	69.922
-0.063	69.916
-0.063	69.714
-0.063	69.709
-0.063	69.708
-0.063	70.258
-0.063	70.408
-0.063	70.554
-0.063	70.551
-0.063	70.743
-0.063	70.741
-0.064	70.731
-0.064	70.528
-0.064	70.869
-0.064	70.515
-0.064	70.709
-0.064	70.707
-0.064	70.998
-0.064	71.197
-0.064	71.191
-0.064	71.184
-0.065	71.331
-0.065	71.332
-0.065	71.181
-0.065	70.972
-0.065	71.518
-0.065	71.310
-0.065	71.303
-0.065	71.502
-0.065	71.999
-0.065	71.794
-0.065	72.145
-0.065	72.143
-0.065	72.140
-0.066	71.986
-0.066	72.480
-0.066	71.976
-0.066	72.471
-0.066	72.264
-0.066	72.607
-0.066	72.603
-0.066	72.955
-0.066	72.598
-0.066	73.098
-0.066	72.938
-0.067	73.283
-0.067	73.077
-0.067	73.418
-0.067	73.067
-0.067	73.414
-0.067	73.257
-0.067	73.756
-0.067	73.399
-0.067	73.898
-0.067	73.747
-0.067	74.091
-0.067	73.881
-0.068	74.228
-0.068	73.869
-0.068	74.069
-0.068	73.860
-0.068	74.208
-0.068	73.851
-0.068	73.844
-0.068	74.339
-0.068	74.879
-0.068	74.673
-0.068	74.519
-0.068	74.521
-0.069	74.867
-0.069	74.511
-0.069	74.509
-0.069	74.501
-0.069	74.495
-0.069	74.638
-0.069	74.629
-0.069	74.977
-0.069	75.318
-0.069	75.315
-0.069	75.110
-0.069	75.110
-0.070	75.456
-0.070	75.099
-0.070	75.095
-0.070	74.789
-0.070	75.280
-0.070	75.073
-0.070	75.262
-0.070	75.411
-0.070	75.752
-0.070	75.748
-0.071	75.390
-0.071	75.383
-0.071	75.379
-0.071	75.723
-0.071	75.219
-0.071	75.717
-0.071	75.359
-0.071	75.853
-0.071	75.850
-0.071	76.044
-0.071	75.839
-0.071	76.181
-0.072	76.029
-0.072	76.172
-0.072	75.817
-0.072	76.164
-0.072	76.162
-0.072	76.162
-0.072	76.155
-0.072	76.502
-0.072	76.496
-0.072	76.637
-0.072	76.633
-0.073	76.975
-0.073	76.474
-0.073	76.771
-0.073	76.265
-0.073	76.762
-0.073	76.106
-0.073	76.603
-0.073	76.245
-0.073	76.589
-0.073	76.586
-0.073	76.928
-0.074	76.922
-0.074	77.067
-0.074	76.712
-0.074	76.907
-0.074	76.552
-0.074	76.900
-0.074	76.195
-0.074	76.690
-0.074	76.535
-0.074	77.032
-0.074	76.677
-0.074	77.215
-0.075	77.012
-0.075	77.355
-0.075	76.999
-0.075	77.340
-0.075	76.837
-0.075	77.328
-0.075	76.822
-0.075	77.318
-0.075	77.162
-0.075	77.458
-0.075	77.451
-0.075	77.446
-0.076	77.440
-0.076	77.283
-0.076	77.423
-0.076	77.270
-0.076	77.268
-0.076	77.112
-0.076	77.402
-0.076	77.395
-0.076	77.586
-0.076	77.879
-0.077	77.720
-0.077	77.712
-0.077	77.710
-0.077	77.852
-0.077	77.549
-0.077	77.348
-0.077	77.344
-0.077	77.339
-0.077	77.831
-0.077	77.673
-0.077	78.010
-0.077	78.006
-0.078	78.343
-0.078	78.137
-0.078	77.976
-0.078	77.772
-0.078	77.965
-0.078	77.617
-0.078	77.614
-0.078	77.757
-0.078	78.105
-0.078	77.947
-0.078	78.437
-0.078	78.084
-0.079	78.580
-0.079	78.273
-0.079	78.564
-0.079	78.254
-0.079	78.396
-0.079	78.239
-0.079	78.725
-0.079	78.022
-0.079	78.857
-0.080	78.353
-0.080	79.043
-0.080	78.685
-0.080	79.181
-0.080	78.681
-0.080	79.027
-0.080	78.676
-0.080	78.814
-0.080	78.461
-0.080	79.003
-0.080	78.449
-0.080	78.990
-0.080	78.638
-0.081	79.125
-0.081	78.774
-0.081	79.262
-0.081	78.758
-0.081	78.755
-0.081	79.094
-0.081	79.235
-0.081	78.933
-0.081	78.730
-0.081	79.069
-0.082	79.214
-0.082	79.208
-0.082	79.052
-0.082	79.195
-0.082	79.689
-0.082	79.185
-0.082	79.177
-0.082	79.171
-0.082	79.665
-0.082	79.362
-0.082	79.354
-0.082	79.502
-0.083	79.841
-0.083	79.635
-0.083	79.833
-0.083	79.974
-0.083	79.967
-0.083	79.469
-0.083	79.608
-0.083	79.452
-0.083	80.134
-0.083	79.783
-0.083	79.580
-0.084	80.124
-0.084	79.771
-0.084	80.260
-0.084	79.902
-0.084	80.245
-0.084	79.891
-0.084	80.378
-0.084	79.878
-0.084	80.370
-0.084	79.719
-0.084	80.554
-0.084	79.856
-0.085	80.349
-0.085	80.046
-0.085	80.337
-0.085	80.183
-0.085	80.323
-0.085	80.168
-0.085	80.658
-0.085	80.155
-0.085	80.495
-0.085	79.994
-0.085	80.970
-0.086	79.979
-0.086	80.764
-0.086	80.463
-0.086	80.948
-0.086	80.450
-0.086	80.738
-0.086	80.436
-0.086	80.930
-0.086	80.430
-0.086	80.916
-0.086	80.416
-0.086	81.046
-0.087	80.547
-0.087	81.229
-0.087	80.876
-0.087	81.364
-0.087	80.863
-0.087	81.201
-0.087	80.997
-0.087	80.989
-0.087	81.177
-0.087	81.464
-0.088	81.159
-0.088	81.302
-0.088	81.442
-0.088	81.780
-0.088	81.629
-0.088	81.623
-0.088	81.769
-0.088	81.757
-0.088	81.600
-0.088	81.393
-0.088	81.583
-0.089	81.869
-0.089	81.572
-0.089	81.567
-0.089	81.706
-0.089	82.190
-0.089	81.834
-0.089	81.826
-0.089	81.825
-0.089	82.363
-0.089	81.821
-0.089	82.008
-0.090	81.996
-0.090	82.334
-0.090	81.784
-0.090	81.625
-0.090	82.303
-0.090	82.104
-0.090	82.442
-0.090	82.436
-0.090	82.427
-0.090	82.278
-0.091	82.763
-0.091	82.271
-0.091	82.561
-0.091	82.262
-0.091	83.040
-0.091	82.541
-0.091	82.730
-0.091	82.724
-0.091	83.358
-0.091	82.864
-0.091	83.004
-0.091	82.848
-0.092	83.531
-0.092	82.985
-0.092	83.170
-0.092	82.965
-0.092	83.501
-0.092	83.153
-0.092	83.154
-0.092	83.295
-0.092	83.777
-0.092	83.475
-0.092	83.765
-0.092	83.463
-0.093	83.597
-0.093	83.243
-0.093	83.727
-0.093	83.425
-0.093	83.567
-0.093	83.708
-0.093	84.051
-0.093	83.899
-0.093	84.039
-0.093	83.880
-0.093	84.017
-0.094	83.867
-0.094	83.859
-0.094	83.655
-0.094	84.334
-0.094	83.836
-0.094	84.167
-0.094	83.814
-0.094	84.155
-0.094	84.147
-0.094	84.292
-0.094	84.288
-0.094	84.626
-0.095	84.277
-0.095	84.418
-0.095	84.410
-0.095	84.894
-0.095	84.587
-0.095	84.873
-0.095	84.864
-0.095	84.854
-0.095	85.191
-0.095	85.042
-0.095	85.036
-0.095	85.033
-0.096	85.367
-0.096	85.014
-0.096	85.003
-0.096	84.800
-0.096	85.623
-0.096	85.474
-0.096	85.612
-0.096	85.455
-0.096	85.938
-0.096	85.781
-0.097	85.769
-0.097	85.565
-0.097	86.244
-0.097	85.551
-0.097	85.746
-0.097	85.740
-0.097	86.223
-0.097	86.026
-0.097	86.219
-0.097	86.214
-0.097	86.351
-0.097	86.338
-0.098	86.334
-0.098	86.178
-0.098	86.513
-0.098	86.161
-0.098	86.647
-0.098	86.490
-0.098	86.973
-0.098	86.625
-0.098	87.105
-0.098	86.956
-0.098	87.098
-0.098	86.944
-0.099	87.235
-0.099	86.934
-0.099	87.225
-0.099	86.924
-0.099	87.210
-0.099	87.061
-0.099	87.393
-0.099	87.384
-0.099	87.521
-0.099	87.511
-0.099	87.701
-0.100	87.353
-0.100	87.689
-0.100	87.341
-0.100	87.829
-0.100	87.480
-0.100	88.155
-0.100	87.669
-0.100	88.148
-0.100	88.137
-0.100	88.126
-0.100	88.263
-0.100	88.261
-0.100	88.253
-0.101	88.099
-0.101	88.091
-0.101	88.083
-0.101	87.879
-0.101	88.067
-0.101	88.211
-0.101	88.544
-0.101	88.538
-0.101	88.676
-0.101	88.516
-0.101	88.656
-0.101	88.649
-0.102	88.495
-0.102	88.294
-0.102	88.483
-0.102	88.621
-0.102	88.466
-0.102	88.795
-0.102	89.271
-0.102	89.074
-0.102	89.065
-0.102	89.248
-0.102	89.386
-0.103	89.041
-0.103	89.035
-0.103	89.564
-0.103	89.219
-0.103	89.556
-0.103	89.549
-0.103	89.829
-0.103	89.821
-0.103	90.150
-0.103	89.810
-0.103	90.140
-0.103	89.796
-0.103	89.982
-0.104	89.778
-0.104	90.105
-0.104	89.953
-0.104	90.231
-0.104	90.073
-0.104	90.405
-0.104	90.206
-0.104	90.732
-0.104	90.389
-0.104	90.525
-0.105	90.176
-0.105	90.514
-0.105	90.358
-0.105	90.493
-0.105	90.144
-0.105	90.822
-0.105	90.476
-0.105	90.952
-0.105	90.797
-0.105	91.131
-0.105	90.927
-0.105	91.116
-0.106	90.915
-0.106	91.103
-0.106	90.759
-0.106	90.892
-0.106	90.879
-0.106	91.353
-0.106	91.348
-0.106	91.688
-0.106	91.538
-0.106	91.869
-0.106	91.522
-0.106	91.658
-0.107	91.309
-0.107	91.643
-0.107	91.302
-0.107	91.486
-0.107	91.480
-0.107	91.960
-0.107	91.809
-0.107	92.282
-0.107	92.081
-0.107	92.265
-0.107	91.911
-0.107	92.054
-0.107	91.904
-0.108	92.389
-0.108	92.239
-0.108	92.044
-0.108	92.228
-0.108	92.509
-0.108	92.701
-0.108	92.693
-0.108	92.830
-0.108	92.674
-0.108	92.810
-0.108	92.657
-0.108	92.797
-0.108	92.798
-0.109	93.128
-0.109	92.975
-0.109	93.117
-0.109	93.108
-0.109	93.436
-0.109	93.432
-0.109	93.425
-0.109	93.412
-0.109	93.399
-0.109	93.397
-0.109	93.391
-0.109	93.382
-0.110	93.669
-0.110	93.370
-0.110	93.650
-0.110	93.640
-0.110	93.968
-0.110	93.966
-0.110	94.150
-0.110	93.945
-0.110	94.277
-0.110	94.128
-0.110	94.269
-0.110	94.123
-0.110	94.405
-0.111	94.252
-0.111	94.727
-0.111	94.712
-0.111	95.045
-0.111	94.894
-0.111	95.185
-0.111	95.031
-0.111	95.170
-0.111	95.019
-0.111	95.157
-0.111	94.853
-0.112	95.130
-0.112	95.122
-0.112	95.451
-0.112	95.441
-0.112	95.919
-0.112	95.574
-0.112	95.758
-0.112	95.412
-0.112	95.742
-0.112	95.395
-0.112	95.869
-0.112	95.858
-0.113	96.046
-0.113	96.037
-0.113	96.169
-0.113	96.307
-0.113	96.297
-0.113	96.141
-0.113	96.136
-0.113	96.275
-0.113	96.462
-0.113	95.973
-0.113	96.105
-0.113	96.239
-0.114	96.712
-0.114	96.560
-0.114	96.695
-0.114	96.881
-0.114	97.017
-0.114	96.674
-0.114	96.667
-0.114	96.659
-0.114	96.840
-0.114	96.828
-0.114	96.825
-0.114	96.957
-0.114	97.292
-0.115	97.140
-0.115	97.276
-0.115	97.406
-0.115	97.396
-0.115	97.728
-0.115	97.390
-0.115	97.574
-0.115	97.566
-0.115	97.693
-0.115	97.203
-0.115	97.674
-0.115	97.673
-0.116	98.003
-0.116	97.995
-0.116	97.986
-0.116	98.116
-0.116	98.298
-0.116	98.099
-0.116	97.947
-0.116	97.941
-0.116	98.272
-0.116	97.934
-0.116	98.071
-0.116	98.253
-0.116	98.529
-0.117	98.707
-0.117	98.692
-0.117	98.682
-0.117	98.673
-0.117	98.330
-0.117	98.466
-0.117	98.319
-0.117	98.790
-0.117	98.448
-0.117	98.783
-0.117	98.776
-0.117	98.957
-0.118	99.092
-0.118	99.081
-0.118	99.065
-0.118	98.915
-0.118	99.050
-0.118	99.184
-0.118	98.888
-0.118	99.022
-0.118	99.158
-0.118	99.488
-0.118	99.337
-0.119	99.322
-0.119	99.310
-0.119	99.587
-0.119	99.436
-0.119	99.278
-0.119	99.265
-0.119	99.547
-0.119	99.253
-0.119	99.059
-0.119	99.386
-0.119	99.856
-0.120	99.511
-0.120	99.695
-0.120	99.692
-0.120	100.016
-0.120	99.812
-0.120	99.466
-0.120	99.640
-0.120	99.440
-0.120	99.761
-0.120	99.422
-0.120	99.607
-0.121	99.598
-0.121	100.210
-0.121	100.058
-0.121	100.192
-0.121	100.039
-0.121	100.179
-0.121	100.027
-0.121	99.875
-0.121	99.674
-0.121	100.478
-0.121	99.991
-0.121	100.126
-0.121	100.121
-0.122	100.589
-0.122	100.434
-0.122	100.274
-0.122	100.403
-0.122	100.532
-0.122	100.242
-0.122	100.234
-0.122	99.901
-0.122	100.512
-0.122	100.214
-0.122	100.491
-0.123	100.342
-0.123	100.663
-0.123	100.323
-0.123	100.463
-0.123	100.308
-0.123	100.440
-0.123	100.287
-0.123	100.422
-0.123	100.126
-0.123	100.403
-0.123	100.247
-0.123	100.571
-0.124	100.367
-0.124	100.887
-0.124	100.352
-0.124	100.675
-0.124	100.190
-0.124	100.658
-0.124	100.168
-0.124	100.637
-0.124	100.295
-0.124	100.956
-0.124	100.805
-0.125	101.074
-0.125	100.777
-0.125	100.906
-0.125	100.562
-0.125	100.887
-0.125	100.397
-0.125	100.722
-0.125	100.863
-0.125	100.715
-0.125	100.848
-0.125	100.841
-0.126	100.831
-0.126	100.823
-0.126	100.820
-0.126	100.949
-0.126	101.124
-0.126	100.920
-0.126	100.904
-0.126	100.889
-0.126	101.213
-0.126	100.873
-0.127	100.862
-0.127	101.187
-0.127	101.179
-0.127	101.172
-0.127	101.164
-0.127	101.155
-0.127	101.147
-0.127	101.135
-0.127	101.123
-0.127	101.122
-0.127	101.113
-0.127	100.962
-0.128	101.096
-0.128	101.226
-0.128	101.403
-0.128	101.393
-0.128	101.853
-0.128	101.371
-0.128	101.685
-0.128	101.349
-0.128	101.812
-0.128	101.139
-0.129	101.648
-0.129	101.302
-0.129	101.773
-0.129	101.621
-0.129	101.897
-0.129	101.600
-0.129	102.061
-0.129	101.858
-0.129	101.853
-0.129	101.561
-0.129	101.837
-0.130	101.356
-0.130	101.687
-0.130	101.538
-0.130	102.004
-0.130	101.807
-0.130	102.266
-0.130	101.972
-0.130	102.107
-0.130	101.622
-0.130	101.936
-0.130	101.596
-0.131	101.916
-0.131	101.583
-0.131	101.904
-0.131	101.563
-0.131	101.694
-0.131	101.870
-0.131	102.332
-0.131	101.991
-0.131	102.122
-0.131	101.973
-0.131	102.440
-0.131	101.960
-0.132	101.947
-0.132	102.080
-0.132	102.261
-0.132	101.919
-0.132	102.242
-0.132	102.377
-0.132	102.373
-0.132	102.362
-0.132	102.347
-0.132	102.195
-0.132	102.177
-0.133	102.163
-0.133	102.294
-0.133	102.472
-0.133	102.130
-0.133	102.257
-0.133	102.578
-0.133	102.568
-0.133	102.429
-0.133	102.562
-0.133	102.553
-0.133	102.401
-0.133	102.391
-0.134	102.387
-0.134	102.522
-0.134	102.373
-0.134	102.364
-0.134	102.492
-0.134	102.619
-0.134	102.795
-0.134	102.595
-0.134	102.915
-0.134	102.766
-0.134	103.084
-0.135	102.745
-0.135	103.062
-0.135	102.543
-0.135	103.193
-0.135	102.855
-0.135	103.315
-0.135	103.163
-0.135	103.476
-0.135	103.272
-0.135	103.441
-0.136	102.955
-0.136	103.224
-0.136	103.075
-0.136	103.680
-0.136	103.056
-0.136	103.659
-0.136	103.180
-0.136	103.634
-0.136	103.481
-0.136	103.945
-0.136	103.804
-0.137	103.937
-0.137	103.604
-0.137	103.923
-0.137	103.442
-0.137	104.227
-0.137	103.748
-0.137	104.209
-0.137	103.732
-0.137	104.040
-0.137	103.837
-0.137	104.299
-0.138	104.013
-0.138	104.147
-0.138	103.999
-0.138	104.459
-0.138	103.649
-0.138	103.777
-0.138	103.958
-0.138	103.614
-0.138	103.933
-0.138	104.062
-0.138	104.191
-0.138	104.042
-0.139	104.036
-0.139	104.172
-0.139	104.163
-0.139	104.015
-0.139	104.146
-0.139	104.323
-0.139	104.308
-0.139	104.289
-0.139	104.416
-0.139	104.728
-0.139	104.534
-0.140	104.523
-0.140	104.515
-0.140	104.695
-0.140	104.692
-0.140	104.496
-0.140	104.485
-0.140	104.653
-0.140	104.635
-0.140	104.765
-0.140	105.082
-0.140	104.937
-0.141	105.210
-0.141	104.921
-0.141	105.057
-0.141	104.910
-0.141	105.040
-0.141	104.891
-0.141	105.165
-0.141	105.011
-0.141	105.137
-0.141	104.846
-0.141	105.303
-0.142	105.104
-0.142	105.414
-0.142	105.076
-0.142	105.395
-0.142	105.060
-0.142	105.376
-0.142	105.041
-0.142	105.495
-0.142	105.019
-0.142	105.667
-0.142	105.338
-0.142	105.653
-0.143	105.454
-0.143	105.768
-0.143	105.432
-0.143	105.754
-0.143	105.418
-0.143	105.923
-0.143	105.118
-0.143	105.571
-0.143	105.371
-0.143	105.868
-0.144	105.530
-0.144	105.853
-0.144	105.655
-0.144	106.114
-0.144	105.827
-0.144	105.953
-0.144	105.801
-0.144	105.603
-0.144	105.593
-0.144	106.049
-0.144	106.045
-0.144	106.031
-0.145	106.206
-0.145	106.333
-0.145	106.182
-0.145	106.172
-0.145	106.167
-0.145	106.296
-0.145	106.147
-0.145	106.143
-0.145	106.132
-0.145	106.446
-0.145	106.435
-0.145	106.424
-0.146	106.694
-0.146	106.680
-0.146	106.853
-0.146	106.657
-0.146	106.647
-0.146	106.828
-0.146	106.635
-0.146	106.625
-0.146	106.616
-0.146	106.931
-0.146	106.782
-0.146	106.909
-0.147	107.037
-0.147	107.027
-0.147	107.021
-0.147	106.871
-0.147	107.185
-0.147	106.996
-0.147	106.850
-0.147	106.704
-0.147	107.153
-0.147	106.814
-0.147	107.450
-0.148	107.113
-0.148	107.246
-0.148	107.237
-0.148	107.412
-0.148	107.217
-0.148	107.535
-0.148	107.203
-0.148	107.509
-0.148	107.030
-0.148	107.343
-0.148	107.151
-0.148	107.797
-0.148	107.601
-0.149	107.914
-0.149	107.767
-0.149	107.893
-0.149	107.558
-0.149	107.734
-0.149	107.257
-0.149	107.848
-0.149	107.235
-0.149	107.825
-0.149	107.492
-0.149	107.941
-0.150	107.791
-0.150	108.101
-0.150	107.909
-0.150	108.086
-0.150	107.750
-0.150	108.066
-0.150	107.588
-0.150	108.187
-0.150	107.574
-0.150	108.162
-0.150	108.013
-0.150	108.466
-0.151	108.135
-0.151	108.307
-0.151	108.294
-0.151	108.418
-0.151	108.265
-0.151	108.255
-0.151	108.252
-0.151	108.381
-0.151	108.232
-0.151	108.685
-0.151	108.352
-0.151	108.482
-0.152	108.651
-0.152	108.642
-0.152	108.449
-0.152	108.433
-0.152	108.600
-0.152	108.265
-0.152	108.580
-0.152	108.249
-0.152	108.560
-0.152	108.554
-0.152	109.008
-0.152	108.817
-0.153	108.994
-0.153	108.983
-0.153	109.113
-0.153	108.968
-0.153	108.959
-0.153	108.627
-0.153	108.938
-0.153	108.601
-0.153	109.056
-0.153	108.904
-0.153	109.353
-0.153	109.204
-0.154	109.332
-0.154	109.319
-0.154	109.438
-0.154	109.151
-0.154	109.142
-0.154	108.812
-0.154	109.403
-0.154	108.936
-0.154	109.390
-0.154	109.241
-0.154	109.544
-0.154	109.349
-0.155	109.662
-0.155	109.330
-0.155	109.637
-0.155	109.298
-0.155	109.286
-0.155	109.142
-0.155	109.600
-0.155	109.452
-0.155	109.903
-0.155	109.573
-0.155	109.879
-0.155	109.684
-0.156	109.995
-0.156	109.660
-0.156	110.157
-0.156	109.641
-0.156	109.963
-0.156	109.631
-0.156	110.125
-0.156	109.924
-0.156	110.234
-0.156	110.090
-0.156	110.076
-0.156	110.200
-0.157	110.330
-0.157	110.183
-0.157	110.036
-0.157	110.166
-0.157	110.294
-0.157	110.000
-0.157	109.990
-0.157	110.256
-0.157	110.429
-0.157	110.559
-0.157	110.413
-0.157	110.410
-0.157	110.540
-0.158	110.392
-0.158	110.380
-0.158	110.365
-0.158	110.495
-0.158	110.026
-0.158	110.333
-0.158	110.458
-0.158	110.905
-0.158	110.756
-0.158	110.602
-0.158	110.864
-0.159	110.854
-0.159	110.848
-0.159	110.699
-0.159	110.687
-0.159	110.541
-0.159	110.345
-0.159	110.515
-0.159	110.774
-0.159	111.080
-0.159	111.072
-0.159	111.060
-0.160	111.191
-0.160	111.046
-0.160	111.039
-0.160	110.893
-0.160	111.161
-0.160	111.015
-0.160	111.465
-0.160	111.311
-0.160	111.612
-0.160	111.423
-0.160	111.733
-0.160	111.585
-0.160	111.709
-0.161	111.385
-0.161	111.837
-0.161	111.369
-0.161	111.681
-0.161	111.673
-0.161	112.121
-0.161	111.789
-0.161	112.090
-0.161	111.940
-0.161	112.202
-0.161	112.059
-0.161	112.187
-0.161	112.179
-0.161	112.352
-0.162	112.029
-0.162	112.334
-0.162	112.009
-0.162	112.140
-0.162	112.309
-0.162	112.618
-0.162	112.608
-0.162	112.602
-0.162	112.596
-0.162	112.859
-0.162	112.708
-0.162	112.559
-0.162	112.553
-0.162	112.999
-0.163	112.673
-0.163	112.982
-0.163	112.971
-0.163	113.094
-0.163	113.077
-0.163	113.201
-0.163	113.192
-0.163	113.362
-0.163	113.172
-0.163	113.162
-0.163	113.015
-0.163	113.142
-0.164	112.997
-0.164	113.309
-0.164	113.301
-0.164	113.613
-0.164	113.423
-0.164	113.592
-0.164	113.577
-0.164	113.571
-0.164	113.375
-0.164	113.356
-0.164	113.341
-0.165	113.785
-0.165	113.319
-0.165	113.490
-0.165	113.615
-0.165	113.742
-0.165	114.051
-0.165	113.899
-0.165	113.704
-0.165	113.561
-0.165	113.681
-0.165	113.396
-0.165	113.658
-0.166	113.650
-0.166	113.957
-0.166	113.952
-0.166	113.945
-0.166	113.932
-0.166	114.099
-0.166	113.901
-0.166	113.890
-0.166	113.885
-0.166	113.875
-0.166	113.734
-0.166	114.037
-0.167	113.514
-0.167	114.000
-0.167	113.806
-0.167	114.113
-0.167	113.965
-0.167	114.088
-0.167	113.941
-0.167	114.062
-0.167	113.911
-0.167	114.041
-0.168	113.575
-0.168	114.012
-0.168	113.861
-0.168	113.988
-0.168	114.114
-0.168	114.423
-0.168	114.279
-0.168	114.404
-0.168	114.261
-0.168	114.249
-0.168	114.235
-0.168	114.040
-0.169	113.888
-0.169	114.333
-0.169	114.185
-0.169	114.307
-0.169	114.436
-0.169	114.743
-0.169	114.598
-0.169	114.724
-0.169	114.395
-0.169	114.695
-0.169	114.236
-0.169	114.362
-0.170	114.356
-0.170	114.660
-0.170	114.649
-0.170	114.812
-0.170	114.614
-0.170	114.927
-0.170	114.784
-0.170	114.909
-0.170	114.762
-0.170	114.435
-0.170	114.873
-0.170	114.544
-0.171	114.396
-0.171	114.516
-0.171	114.956
-0.171	114.676
-0.171	114.811
-0.171	114.660
-0.171	114.926
-0.171	114.456
-0.171	114.752
-0.171	114.425
-0.171	114.869
-0.171	114.277
-0.171	114.589
-0.172	114.397
-0.172	114.699
-0.172	114.685
-0.172	114.803
-0.172	114.518
-0.172	114.772
-0.172	114.304
-0.172	114.467
-0.172	113.965
-0.173	114.586
-0.173	114.131
-0.173	114.708
-0.173	114.422
-0.173	114.860
-0.173	114.670
-0.173	114.844
-0.173	114.652
-0.173	114.820
-0.173	114.630
-0.173	114.795
-0.173	114.328
-0.174	114.756
-0.174	114.112
-0.174	114.731
-0.174	114.402
-0.174	114.840
-0.174	114.692
-0.174	114.813
-0.174	114.663
-0.174	114.790
-0.174	114.459
-0.174	114.766
-0.175	114.169
-0.175	114.426
-0.175	114.141
-0.175	114.716
-0.175	114.389
-0.175	114.684
-0.175	114.539
-0.175	114.797
-0.175	114.521
-0.175	114.331
-0.175	114.179
-0.176	114.616
-0.176	114.158
-0.176	114.448
-0.176	114.258
-0.176	114.562
-0.176	114.419
-0.176	114.678
-0.176	114.529
-0.176	114.653
-0.176	114.504
-0.176	114.494
-0.177	114.353
-0.177	114.343
-0.177	114.150
-0.177	114.586
-0.177	114.440
-0.177	114.430
-0.177	114.555
-0.177	114.723
-0.177	114.532
-0.177	114.518
-0.177	114.673
-0.178	114.346
-0.178	114.650
-0.178	114.329
-0.178	114.627
-0.178	114.171
-0.178	114.920
-0.178	114.419
-0.178	114.899
-0.178	114.573
-0.178	114.874
-0.178	114.549
-0.178	114.853
-0.178	114.346
-0.179	114.647
-0.179	114.054
-0.179	114.812
-0.179	114.042
-0.179	114.613
-0.179	114.282
-0.179	114.574
-0.179	114.417
-0.179	114.715
-0.180	114.390
-0.180	114.514
-0.180	113.917
-0.180	114.170
-0.180	113.711
-0.180	113.698
-0.180	113.863
-0.180	114.300
-0.180	114.108
-0.180	114.412
-0.180	113.956
-0.180	114.702
-0.181	114.062
-0.181	114.540
-0.181	114.038
-0.181	114.514
-0.181	114.010
-0.181	114.176
-0.181	114.296
-0.181	114.148
-0.181	114.136
-0.181	114.438
-0.182	114.420
-0.182	114.224
-0.182	114.210
-0.182	114.502
-0.182	114.056
-0.182	114.044
-0.182	114.486
-0.182	114.606
-0.182	114.457
-0.182	114.755
-0.182	114.427
-0.183	114.543
-0.183	114.530
-0.183	114.384
-0.183	114.503
-0.183	114.354
-0.183	114.212
-0.183	114.023
-0.183	114.463
-0.183	114.190
-0.183	114.625
-0.183	114.310
-0.183	114.606
-0.184	114.412
-0.184	114.565
-0.184	114.381
-0.184	114.684
-0.184	114.229
-0.184	114.798
-0.184	114.336
-0.184	114.765
-0.184	114.309
-0.184	114.920
-0.184	114.463
-0.185	115.030
-0.185	114.705
-0.185	114.873
-0.185	114.411
-0.185	114.664
-0.185	114.386
-0.185	114.952
-0.185	114.190
-0.185	114.938
-0.185	114.487
-0.185	114.917
-0.185	114.589
-0.186	114.749
-0.186	114.414
-0.186	114.848
-0.186	114.393
-0.186	114.695
-0.186	114.376
-0.186	114.992
-0.186	114.359
-0.186	114.789
-0.186	114.464
-0.186	114.941
-0.187	114.616
-0.187	114.921
-0.187	114.729
-0.187	114.893
-0.187	114.572
-0.187	114.868
-0.187	114.541
-0.187	114.838
-0.187	114.648
-0.187	114.948
-0.187	114.934
-0.188	114.914
-0.188	114.902
-0.188	115.200
-0.188	114.745
-0.188	114.729
-0.188	114.542
-0.188	114.844
-0.188	114.525
-0.188	114.517
-0.188	114.810
-0.188	114.800
-0.189	114.787
-0.189	114.772
-0.189	114.886
-0.189	115.051
-0.189	114.731
-0.189	114.719
-0.189	114.842
-0.189	114.695
-0.189	114.551
-0.189	114.539
-0.189	114.660
-0.190	115.086
-0.190	114.942
-0.190	114.927
-0.190	115.172
-0.190	115.031
-0.190	114.884
-0.190	114.877
-0.190	115.126
-0.190	114.985
-0.190	114.665
-0.190	114.829
-0.191	115.076
-0.191	115.064
-0.191	114.918
-0.191	115.042
-0.191	115.207
-0.191	115.018
-0.191	115.005
-0.191	114.981
-0.191	115.455
-0.191	114.827
-0.192	114.808
-0.192	114.922
-0.192	115.214
-0.192	115.206
-0.192	115.503
-0.192	115.365
-0.192	115.357
-0.192	115.338
-0.192	115.597
-0.192	115.149
-0.192	115.577
-0.192	115.128
-0.192	115.561
-0.193	115.288
-0.193	115.545
-0.193	115.396
-0.193	115.687
-0.193	115.497
-0.193	115.660
-0.193	115.469
-0.193	115.628
-0.193	115.438
-0.193	115.727
-0.194	115.409
-0.194	115.876
-0.194	115.552
-0.194	115.848
-0.194	115.661
-0.194	115.828
-0.194	115.642
-0.194	115.635
-0.194	115.488
-0.194	115.784
-0.194	115.594
-0.194	115.756
-0.195	115.565
-0.195	115.993
-0.195	115.536
-0.195	115.967
-0.195	115.828
-0.195	116.122
-0.195	115.806
-0.195	116.103
-0.195	115.782
-0.195	115.770
-0.195	115.628
-0.195	115.746
-0.196	115.596
-0.196	115.710
-0.196	115.836
-0.196	116.134
-0.196	115.993
-0.196	115.980
-0.196	115.962
-0.196	116.084
-0.196	115.767
-0.196	115.754
-0.196	116.053
-0.196	116.045
-0.197	115.592
-0.197	115.704
-0.197	116.000
-0.197	115.990
-0.197	115.981
-0.197	115.970
-0.197	115.951
-0.197	115.801
-0.197	115.613
-0.197	115.598
-0.198	115.887
-0.198	115.745
-0.198	116.168
-0.198	115.850
-0.198	115.967
-0.198	115.825
-0.198	116.117
-0.198	115.930
-0.198	115.923
-0.198	115.915
-0.198	116.078
-0.198	115.765
-0.198	115.887
-0.199	115.743
-0.199	116.174
-0.199	115.857
-0.199	116.014
-0.199	116.001
-0.199	116.118
-0.199	115.966
-0.199	115.952
-0.199	115.767
-0.199	115.929
-0.199	115.738
-0.200	115.907
-0.200	115.722
-0.200	116.185
-0.200	115.997
-0.200	116.162
-0.200	115.980
-0.200	116.274
-0.200	116.137
-0.200	116.246
-0.200	115.933
-0.200	116.098
-0.200	115.781
-0.201	116.075
-0.201	115.760
-0.201	116.185
-0.201	116.037
-0.201	116.151
-0.201	116.139
-0.201	116.130
-0.201	116.121
-0.201	116.245
-0.201	115.976
-0.201	115.793
-0.201	115.785
-0.201	116.206
-0.202	115.923
-0.202	116.034
-0.202	116.153
-0.202	116.446
-0.202	116.437
-0.202	116.291
-0.202	116.270
-0.202	116.256
-0.202	115.941
-0.202	115.935
-0.202	116.059
-0.202	116.222
-0.203	116.211
-0.203	116.200
-0.203	116.322
-0.203	116.312
-0.203	116.431
-0.203	116.417
-0.203	116.400
-0.203	116.252
-0.203	116.232
-0.203	116.091
-0.203	116.216
-0.204	116.333
-0.204	116.493
-0.204	116.311
-0.204	116.301
-0.204	116.464
-0.204	116.584
-0.204	116.438
-0.204	116.249
-0.204	116.235
-0.204	116.398
-0.204	116.087
-0.204	116.207
-0.204	116.198
-0.205	116.665
-0.205	116.486
-0.205	116.470
-0.205	116.627
-0.205	116.744
-0.205	116.424
-0.205	116.715
-0.205	116.397
-0.205	116.691
-0.205	116.376
-0.205	116.793
-0.205	116.526
-0.206	116.952
-0.206	116.770
-0.206	117.063
-0.206	116.924
-0.206	117.046
-0.206	116.731
-0.206	116.880
-0.206	116.681
-0.206	116.956
-0.206	116.385
-0.206	116.942
-0.206	116.807
-0.207	117.237
-0.207	117.058
-0.207	117.215
-0.207	116.902
-0.207	116.877
-0.207	116.864
-0.207	116.977
-0.207	116.530
-0.207	116.520
-0.207	116.685
-0.207	116.936
-0.207	116.928
-0.208	117.220
-0.208	117.207
-0.208	117.368
-0.208	117.189
-0.208	117.349
-0.208	117.166
-0.208	117.152
-0.208	117.136
-0.208	116.989
-0.208	117.269
-0.208	117.385
-0.209	117.503
-0.209	117.361
-0.209	117.480
-0.209	117.473
-0.209	117.640
-0.209	117.637
-0.209	117.454
-0.209	117.439
-0.209	117.595
-0.209	117.408
-0.209	117.397
-0.209	117.562
-0.209	117.986
-0.209	117.674
-0.209	117.839
-0.210	117.830
-0.210	118.070
-0.210	117.792
-0.210	117.779
-0.210	117.590
-0.210	117.878
-0.210	117.567
-0.210	117.987
-0.210	117.846
-0.210	118.141
-0.210	117.960
-0.210	118.243
-0.211	118.102
-0.211	118.222
-0.211	118.087
-0.211	118.209
-0.211	117.897
-0.211	118.189
-0.211	117.878
-0.211	118.296
-0.211	118.453
-0.211	118.573
-0.211	118.429
-0.211	118.713
-0.211	118.525
-0.212	118.689
-0.212	118.505
-0.212	118.664
-0.212	118.348
-0.212	118.460
-0.212	118.450
-0.212	118.869
-0.212	118.855
-0.212	119.016
-0.212	119.007
-0.212	119.256
-0.212	119.115
-0.212	119.103
-0.213	118.956
-0.213	119.198
-0.213	118.918
-0.213	119.026
-0.213	119.015
-0.213	119.308
-0.213	119.296
-0.213	119.282
-0.213	119.402
-0.213	119.394
-0.213	119.250
-0.214	119.367
-0.214	119.052
-0.214	119.035
-0.214	119.020
-0.214	119.309
-0.214	119.471
-0.214	119.456
-0.214	119.581
-0.214	119.694
-0.214	119.550
-0.214	119.533
-0.215	119.820
-0.215	119.636
-0.215	119.495
-0.215	119.479
-0.215	119.771
-0.215	119.584
-0.215	119.742
-0.215	119.988
-0.215	120.275
-0.215	120.135
-0.215	120.254
-0.215	120.253
-0.216	120.231
-0.216	120.083
-0.216	119.892
-0.216	119.877
-0.216	120.338
-0.216	119.861
-0.216	120.022
-0.216	120.136
-0.216	120.421
-0.216	120.412
-0.216	120.531
-0.216	120.263
-0.217	120.507
-0.217	120.070
-0.217	120.360
-0.217	120.049
-0.217	120.342
-0.217	120.200
-0.217	120.613
-0.217	120.422
-0.217	120.708
-0.217	120.399
-0.217	120.553
-0.217	120.373
-0.218	120.533
-0.218	120.220
-0.218	120.503
-0.218	120.189
-0.218	120.471
-0.218	120.456
-0.218	120.745
-0.218	120.731
-0.218	120.719
-0.218	120.536
-0.218	120.702
-0.218	120.508
-0.219	120.676
-0.219	120.368
-0.219	120.485
-0.219	120.344
-0.219	120.625
-0.219	120.444
-0.219	120.719
-0.219	120.702
-0.219	120.679
-0.219	120.549
-0.219	120.664
-0.220	120.357
-0.220	120.521
-0.220	120.205
-0.220	120.190
-0.220	120.169
-0.220	120.285
-0.220	120.276
-0.220	120.266
-0.220	120.422
-0.220	120.544
-0.220	120.533
-0.220	120.393
-0.220	120.505
-0.221	120.488
-0.221	120.049
-0.221	120.034
-0.221	120.569
-0.221	120.555
-0.221	120.416
-0.221	120.531
-0.221	120.685
-0.221	120.374
-0.221	120.361
-0.222	120.340
-0.222	120.452
-0.222	120.016
-0.222	120.300
-0.222	120.161
-0.222	120.575
-0.222	120.390
-0.222	120.377
-0.222	120.532
-0.222	120.770
-0.222	120.623
-0.223	120.612
-0.223	120.476
-0.223	120.592
-0.223	120.454
-0.223	120.699
-0.223	120.134
-0.223	120.841
-0.223	120.536
-0.223	120.822
-0.223	120.637
-0.223	120.624
-0.223	120.483
-0.223	120.601
-0.224	120.329
-0.224	120.311
-0.224	120.125
-0.224	120.403
-0.224	120.267
-0.224	120.683
-0.224	120.677
-0.224	121.088
-0.224	120.779
-0.224	120.931
-0.224	120.452
-0.224	120.610
-0.225	120.307
-0.225	120.590
-0.225	120.146
-0.225	120.558
-0.225	120.121
-0.225	120.353
-0.225	120.340
-0.225	120.794
-0.225	120.488
-0.225	120.901
-0.225	120.596
-0.225	120.289
-0.226	120.278
-0.226	120.561
-0.226	120.247
-0.226	120.105
-0.226	120.219
-0.226	120.502
-0.226	120.494
-0.226	120.485
-0.226	120.768
-0.226	120.757
-0.226	120.315
-0.227	120.121
-0.227	120.398
-0.227	120.376
-0.227	120.067
-0.227	119.928
-0.227	120.632
-0.227	120.201
-0.227	120.489
-0.227	120.471
-0.227	120.710
-0.227	120.280
-0.227	120.269
-0.228	119.964
-0.228	120.414
-0.228	119.802
-0.228	120.492
-0.228	120.185
-0.228	120.336
-0.228	120.157
-0.228	120.436
-0.228	120.127
-0.228	120.532
-0.229	120.094
-0.229	120.376
-0.229	119.948
-0.229	120.230
-0.229	120.220
-0.229	120.462
-0.229	120.323
-0.229	120.431
-0.229	120.290
-0.229	120.575
-0.229	120.269
-0.229	120.546
-0.230	120.108
-0.230	120.517
-0.230	120.074
-0.230	120.186
-0.230	119.879
-0.230	120.290
-0.230	120.029
-0.230	120.438
-0.230	120.127
-0.230	120.402
-0.230	120.091
-0.231	120.369
-0.231	119.938
-0.231	120.352
-0.231	119.756
-0.231	120.168
-0.231	119.735
-0.231	120.438
-0.231	119.882
-0.231	120.284
-0.231	120.256
-0.231	120.236
-0.232	120.222
-0.232	120.208
-0.232	119.902
-0.232	119.764
-0.232	119.574
-0.232	119.984
-0.232	119.720
-0.232	119.833
-0.232	120.241
-0.232	120.228
-0.232	120.082
-0.233	119.901
-0.233	119.879
-0.233	120.026
-0.233	119.713
-0.233	119.699
-0.233	119.984
-0.233	119.971
-0.233	119.671
-0.233	119.779
-0.233	120.056
-0.233	119.918
-0.234	119.912
-0.234	119.896
-0.234	120.136
-0.234	119.706
-0.234	119.698
-0.234	119.674
-0.234	119.956
-0.234	119.812
-0.234	119.923
-0.234	120.036
-0.234	120.018
-0.235	120.003
-0.235	120.273
-0.235	119.971
-0.235	120.121
-0.235	119.818
-0.235	120.220
-0.235	119.787
-0.235	119.899
-0.235	119.635
-0.235	120.041
-0.235	119.868
-0.235	120.022
-0.236	120.011
-0.236	120.119
-0.236	119.805
-0.236	120.080
-0.236	119.652
-0.236	120.045
-0.236	119.320
-0.236	119.722
-0.236	119.458
-0.237	119.985
-0.237	119.561
-0.237	119.845
-0.237	119.661
-0.237	119.937
-0.237	119.625
-0.237	119.779
-0.237	119.346
-0.237	119.752
-0.237	119.036
-0.237	119.562
-0.237	119.128
-0.238	119.403
-0.238	119.391
-0.238	119.672
-0.238	119.493
-0.238	119.351
-0.238	119.627
-0.238	119.616
-0.238	119.192
-0.238	119.011
-0.238	119.159
-0.238	119.395
-0.238	119.133
-0.239	119.366
-0.239	119.643
-0.239	119.503
-0.239	119.321
-0.239	119.305
-0.239	119.457
-0.239	119.277
-0.239	119.134
-0.239	118.998
-0.239	119.112
-0.240	119.098
-0.240	119.503
-0.240	119.205
-0.240	119.358
-0.240	119.178
-0.240	119.322
-0.240	119.134
-0.240	119.112
-0.240	119.098
-0.240	119.373
-0.240	118.944
-0.241	119.223
-0.241	119.031
-0.241	119.471
-0.241	118.998
-0.241	119.278
-0.241	119.152
