0.00	0.00000	-100.00	0.00000	0.74944
129.00	-0.00645	-143.00	-0.00258	0.74490
226.36	-0.01304	-175.85	-0.00455	0.74143
226.14	-0.01642	-175.69	-0.00454	0.74145
225.70	-0.01980	-175.34	-0.00452	0.74148
225.35	-0.02318	-175.07	-0.00450	0.74151
225.23	-0.02656	-174.98	-0.00450	0.74152
225.40	-0.03332	-175.11	-0.00451	0.74151
225.49	-0.04034	-175.17	-0.00451	0.74150
225.52	-0.04736	-175.20	-0.00451	0.74150
225.50	-0.05437	-175.19	-0.00451	0.74150
225.47	-0.06139	-175.17	-0.00451	0.74150
225.45	-0.06841	-175.15	-0.00451	0.74150
225.44	-0.07542	-175.14	-0.00451	0.74151
225.45	-0.08244	-175.14	-0.00451	0.74150
225.45	-0.08946	-175.15	-0.00451	0.74150
225.46	-0.09647	-175.15	-0.00451	0.74150
225.46	-0.10349	-175.16	-0.00451	0.74150
225.46	-0.11051	-175.16	-0.00451	0.74150
225.46	-0.11752	-175.15	-0.00451	0.74150
225.46	-0.12454	-175.15	-0.00451	0.74150
225.46	-0.13156	-175.15	-0.00451	0.74150
225.46	-0.13858	-175.15	-0.00451	0.74150
225.46	-0.14559	-175.15	-0.00451	0.74150
225.46	-0.15261	-175.15	-0.00451	0.74150
225.46	-0.15963	-175.15	-0.00451	0.74150
225.46	-0.16664	-175.15	-0.00451	0.74150
225.46	-0.17366	-175.15	-0.00451	0.74150
225.46	-0.18068	-175.15	-0.00451	0.74150
225.46	-0.18769	-175.15	-0.00451	0.74150
225.46	-0.19471	-175.15	-0.00451	0.74150
225.46	-0.20173	-175.15	-0.00451	0.74150
225.46	-0.20875	-175.15	-0.00451	0.74150
225.46	-0.21576	-175.15	-0.00451	0.74150
225.46	-0.22278	-175.15	-0.00451	0.74150
225.46	-0.22980	-175.15	-0.00451	0.74150
225.46	-0.23681	-175.15	-0.00451	0.74150
225.46	-0.24383	-175.15	-0.00451	0.74150
225.46	-0.25085	-175.15	-0.00451	0.74150
225.46	-0.25786	-175.15	-0.00451	0.74150
225.46	-0.26488	-175.15	-0.00451	0.74150
225.46	-0.27190	-175.15	-0.00451	0.74150
225.46	-0.27892	-175.15	-0.00451	0.74150
225.46	-0.28593	-175.15	-0.00451	0.74150
225.46	-0.29295	-175.15	-0.00451	0.74150
225.46	-0.29997	-175.15	-0.00451	0.74150
225.46	-0.30698	-175.15	-0.00451	0.74150
225.46	-0.31400	-175.15	-0.00451	0.74150
225.46	-0.32102	-175.15	-0.00451	0.74150
225.46	-0.32803	-175.15	-0.00451	0.74150
225.46	-0.33505	-175.15	-0.00451	0.74150
225.46	-0.34207	-175.15	-0.00451	0.74150
225.46	-0.34909	-175.15	-0.00451	0.74150
225.46	-0.35610	-175.15	-0.00451	0.74150
225.46	-0.36312	-175.15	-0.00451	0.74150
225.46	-0.37014	-175.15	-0.00451	0.74150
225.46	-0.37715	-175.15	-0.00451	0.74150
225.46	-0.38417	-175.15	-0.00451	0.74150
225.46	-0.39119	-175.15	-0.00451	0.74150
225.46	-0.39820	-175.15	-0.00451	0.74150
225.46	-0.40522	-175.15	-0.00451	0.74150
225.46	-0.41224	-175.15	-0.00451	0.74150
225.46	-0.41926	-175.15	-0.00451	0.74150
225.46	-0.42627	-175.15	-0.00451	0.74150
225.46	-0.43329	-175.15	-0.00451	0.74150
225.46	-0.44031	-175.15	-0.00451	0.74150
225.46	-0.44732	-175.15	-0.00451	0.74150
225.46	-0.45434	-175.15	-0.00451	0.74150
225.46	-0.46136	-175.15	-0.00451	0.74150
225.46	-0.46837	-175.15	-0.00451	0.74150
225.46	-0.47539	-175.15	-0.00451	0.74150
225.46	-0.48241	-175.15	-0.00451	0.74150
225.46	-0.48943	-175.15	-0.00451	0.74150
225.46	-0.49644	-175.15	-0.00451	0.74150
225.46	-0.50346	-175.15	-0.00451	0.74150
225.46	-0.51048	-175.15	-0.00451	0.74150
225.46	-0.51749	-175.15	-0.00451	0.74150
225.46	-0.52451	-175.15	-0.00451	0.74150
225.46	-0.53153	-175.15	-0.00451	0.74150
225.46	-0.53854	-175.15	-0.00451	0.74150
225.46	-0.54556	-175.15	-0.00451	0.74150
225.46	-0.55258	-175.15	-0.00451	0.74150
225.46	-0.55960	-175.15	-0.00451	0.74150
225.46	-0.56661	-175.15	-0.00451	0.74150
225.46	-0.57363	-175.15	-0.00451	0.74150
225.46	-0.58065	-175.15	-0.00451	0.74150
225.46	-0.58766	-175.15	-0.00451	0.74150
225.46	-0.59468	-175.15	-0.00451	0.74150
225.46	-0.60170	-175.15	-0.00451	0.74150
225.46	-0.60871	-175.15	-0.00451	0.74150
225.46	-0.61573	-175.15	-0.00451	0.74150
225.46	-0.62275	-175.15	-0.00451	0.74150
225.46	-0.62977	-175.15	-0.00451	0.74150
225.46	-0.63678	-175.15	-0.00451	0.74150
225.46	-0.64380	-175.15	-0.00451	0.74150
225.46	-0.65082	-175.15	-0.00451	0.74150
225.46	-0.65783	-175.15	-0.00451	0.74150
225.46	-0.66485	-175.15	-0.00451	0.74150
225.46	-0.67187	-175.15	-0.00451	0.74150
225.46	-0.67888	-175.15	-0.00451	0.74150
225.46	-0.68590	-175.15	-0.00451	0.74150
225.46	-0.69292	-175.15	-0.00451	0.74150
225.46	-0.69994	-175.15	-0.00451	0.74150
225.46	-0.70695	-175.15	-0.00451	0.74150
225.46	-0.71397	-175.15	-0.00451	0.74150
225.46	-0.72099	-175.15	-0.00451	0.74150
225.46	-0.72800	-175.15	-0.00451	0.74150
225.46	-0.73502	-175.15	-0.00451	0.74150
225.46	-0.74204	-175.15	-0.00451	0.74150
225.46	-0.74905	-175.15	-0.00451	0.74150
225.46	-0.75607	-175.15	-0.00451	0.74150
225.46	-0.76309	-175.15	-0.00451	0.74150
225.46	-0.77011	-175.15	-0.00451	0.74150
225.46	-0.77712	-175.15	-0.00451	0.74150
225.46	-0.78414	-175.15	-0.00451	0.74150
225.46	-0.79116	-175.15	-0.00451	0.74150
225.46	-0.79817	-175.15	-0.00451	0.74150
225.46	-0.80519	-175.15	-0.00451	0.74150
225.46	-0.81221	-175.15	-0.00451	0.74150
225.46	-0.81922	-175.15	-0.00451	0.74150
225.46	-0.82624	-175.15	-0.00451	0.74150
225.46	-0.83326	-175.15	-0.00451	0.74150
225.46	-0.84028	-175.15	-0.00451	0.74150
225.46	-0.84729	-175.15	-0.00451	0.74150
225.46	-0.85431	-175.15	-0.00451	0.74150
225.46	-0.86133	-175.15	-0.00451	0.74150
225.46	-0.86834	-175.15	-0.00451	0.74150
225.46	-0.87536	-175.15	-0.00451	0.74150
225.46	-0.88238	-175.15	-0.00451	0.74150
225.46	-0.88939	-175.15	-0.00451	0.74150
225.46	-0.89641	-175.15	-0.00451	0.74150
225.46	-0.90343	-175.15	-0.00451	0.74150
225.46	-0.91045	-175.15	-0.00451	0.74150
225.46	-0.91746	-175.15	-0.00451	0.74150
225.46	-0.92448	-175.15	-0.00451	0.74150
225.46	-0.93150	-175.15	-0.00451	0.74150
225.46	-0.93851	-175.15	-0.00451	0.74150
225.46	-0.94553	-175.15	-0.00451	0.74150
225.46	-0.95255	-175.15	-0.00451	0.74150
225.46	-0.95956	-175.15	-0.00451	0.74150
225.46	-0.96658	-175.15	-0.00451	0.74150
225.46	-0.97360	-175.15	-0.00451	0.74150
225.46	-0.98062	-175.15	-0.00451	0.74150
225.46	-0.98763	-175.15	-0.00451	0.74150
225.46	-0.99465	-175.15	-0.00451	0.74150
225.46	-1.00167	-175.15	-0.00451	0.74150
225.46	-1.00868	-175.15	-0.00451	0.74150
225.46	-1.01570	-175.15	-0.00451	0.74150
225.46	-1.02272	-175.15	-0.00451	0.74150
225.46	-1.02973	-175.15	-0.00451	0.74150
225.46	-1.03675	-175.15	-0.00451	0.74150
225.46	-1.04377	-175.15	-0.00451	0.74150
225.46	-1.05079	-175.15	-0.00451	0.74150
225.46	-1.05780	-175.15	-0.00451	0.74150
225.46	-1.06482	-175.15	-0.00451	0.74150
225.46	-1.07184	-175.15	-0.00451	0.74150
225.46	-1.07885	-175.15	-0.00451	0.74150
225.46	-1.08587	-175.15	-0.00451	0.74150
225.46	-1.09289	-175.15	-0.00451	0.74150
225.46	-1.09990	-175.15	-0.00451	0.74150
225.46	-1.10692	-175.15	-0.00451	0.74150
225.46	-1.11394	-175.15	-0.00451	0.74150
225.46	-1.12096	-175.15	-0.00451	0.74150
225.46	-1.12797	-175.15	-0.00451	0.74150
225.46	-1.13499	-175.15	-0.00451	0.74150
225.46	-1.14201	-175.15	-0.00451	0.74150
225.46	-1.14902	-175.15	-0.00451	0.74150
225.46	-1.15604	-175.15	-0.00451	0.74150
225.46	-1.16306	-175.15	-0.00451	0.74150
225.46	-1.17007	-175.15	-0.00451	0.74150
225.46	-1.17709	-175.15	-0.00451	0.74150
225.46	-1.18411	-175.15	-0.00451	0.74150
225.46	-1.19113	-175.15	-0.00451	0.74150
225.46	-1.19814	-175.15	-0.00451	0.74150
225.46	-1.20516	-175.15	-0.00451	0.74150
225.46	-1.21218	-175.15	-0.00451	0.74150
225.46	-1.21919	-175.15	-0.00451	0.74150
225.46	-1.22621	-175.15	-0.00451	0.74150
225.46	-1.23323	-175.15	-0.00451	0.74150
225.46	-1.24024	-175.15	-0.00451	0.74150
225.46	-1.24726	-175.15	-0.00451	0.74150
225.46	-1.25428	-175.15	-0.00451	0.74150
225.46	-1.26130	-175.15	-0.00451	0.74150
225.46	-1.26831	-175.15	-0.00451	0.74150
225.46	-1.27533	-175.15	-0.00451	0.74150
225.46	-1.28235	-175.15	-0.00451	0.74150
225.46	-1.28936	-175.15	-0.00451	0.74150
225.46	-1.29638	-175.15	-0.00451	0.74150
225.46	-1.30340	-175.15	-0.00451	0.74150
225.46	-1.31041	-175.15	-0.00451	0.74150
225.46	-1.31743	-175.15	-0.00451	0.74150
225.46	-1.32445	-175.15	-0.00451	0.74150
225.46	-1.33147	-175.15	-0.00451	0.74150
225.46	-1.33848	-175.15	-0.00451	0.74150
225.46	-1.34550	-175.15	-0.00451	0.74150
225.46	-1.35252	-175.15	-0.00451	0.74150
225.46	-1.35953	-175.15	-0.00451	0.74150
225.46	-1.36655	-175.15	-0.00451	0.74150
225.46	-1.37357	-175.15	-0.00451	0.74150
225.46	-1.38058	-175.15	-0.00451	0.74150
225.46	-1.38760	-175.15	-0.00451	0.74150
225.46	-1.39462	-175.15	-0.00451	0.74150
225.46	-1.40164	-175.15	-0.00451	0.74150
225.46	-1.40865	-175.15	-0.00451	0.74150
225.46	-1.41567	-175.15	-0.00451	0.74150
225.46	-1.42269	-175.15	-0.00451	0.74150
225.46	-1.42970	-175.15	-0.00451	0.74150
225.46	-1.43672	-175.15	-0.00451	0.74150
225.46	-1.44374	-175.15	-0.00451	0.74150
225.46	-1.45075	-175.15	-0.00451	0.74150
225.46	-1.45777	-175.15	-0.00451	0.74150
225.46	-1.46479	-175.15	-0.00451	0.74150
225.46	-1.47181	-175.15	-0.00451	0.74150
225.46	-1.47882	-175.15	-0.00451	0.74150
225.46	-1.48584	-175.15	-0.00451	0.74150
225.46	-1.49286	-175.15	-0.00451	0.74150
225.46	-1.49987	-175.15	-0.00451	0.74150
225.46	-1.50689	-175.15	-0.00451	0.74150
225.46	-1.51391	-175.15	-0.00451	0.74150
225.46	-1.52092	-175.15	-0.00451	0.74150
225.46	-1.52794	-175.15	-0.00451	0.74150
225.46	-1.53496	-175.15	-0.00451	0.74150
225.46	-1.54198	-175.16	-0.00451	0.74150
225.46	-1.54899	-175.16	-0.00451	0.74150
225.46	-1.55601	-175.16	-0.00451	0.74150
225.46	-1.56303	-175.16	-0.00451	0.74150
225.46	-1.57004	-175.16	-0.00451	0.74150
225.46	-1.57706	-175.16	-0.00451	0.74150
225.46	-1.58408	-175.16	-0.00451	0.74150
225.46	-1.59110	-175.16	-0.00451	0.74150
225.46	-1.59811	-175.16	-0.00451	0.74150
225.47	-1.60513	-175.16	-0.00451	0.74150
225.47	-1.61215	-175.16	-0.00451	0.74150
225.47	-1.61916	-175.16	-0.00451	0.74150
225.47	-1.62618	-175.16	-0.00451	0.74150
225.47	-1.63320	-175.16	-0.00451	0.74150
225.47	-1.64021	-175.16	-0.00451	0.74150
225.47	-1.64723	-175.16	-0.00451	0.74150
225.47	-1.65425	-175.16	-0.00451	0.74150
225.47	-1.66127	-175.16	-0.00451	0.74150
225.47	-1.66828	-175.16	-0.00451	0.74150
225.47	-1.67530	-175.17	-0.00451	0.74150
225.48	-1.68232	-175.17	-0.00451	0.74150
225.48	-1.68933	-175.17	-0.00451	0.74150
225.48	-1.69635	-175.17	-0.00451	0.74150
225.48	-1.70337	-175.17	-0.00451	0.74150
225.48	-1.71039	-175.17	-0.00451	0.74150
225.49	-1.71740	-175.17	-0.00451	0.74150
225.49	-1.72442	-175.18	-0.00451	0.74150
225.49	-1.73144	-175.18	-0.00451	0.74150
225.49	-1.73846	-175.18	-0.00451	0.74150
225.50	-1.74547	-175.18	-0.00451	0.74150
225.50	-1.75249	-175.19	-0.00451	0.74150
225.50	-1.75951	-175.19	-0.00451	0.74150
225.51	-1.76653	-175.19	-0.00451	0.74150
225.51	-1.77354	-175.20	-0.00451	0.74150
225.52	-1.78056	-175.20	-0.00451	0.74150
225.52	-1.78758	-175.20	-0.00451	0.74150
225.53	-1.79460	-175.21	-0.00451	0.74150
225.54	-1.80161	-175.21	-0.00451	0.74150
225.54	-1.80863	-175.22	-0.00451	0.74150
225.55	-1.81565	-175.23	-0.00451	0.74150
225.56	-1.82267	-175.23	-0.00451	0.74150
225.57	-1.82968	-175.24	-0.00451	0.74149
225.58	-1.83670	-175.25	-0.00451	0.74149
225.59	-1.84372	-175.26	-0.00452	0.74149
225.61	-1.85074	-175.27	-0.00452	0.74149
225.62	-1.85776	-175.28	-0.00452	0.74149
225.63	-1.86477	-175.29	-0.00452	0.74149
225.65	-1.87179	-175.30	-0.00452	0.74149
225.67	-1.87881	-175.32	-0.00452	0.74149
225.69	-1.88583	-175.33	-0.00452	0.74149
225.71	-1.89285	-175.35	-0.00452	0.74148
225.71	-1.89285	-175.35	-0.00452	0.74148
225.71	-1.89285	-175.35	-0.00452	0.74148
225.71	-1.89285	-175.35	-0.00452	0.74148
225.71	-1.89285	-175.35	-0.00452	0.74148
225.71	-1.89285	-175.35	-0.00452	0.74148
225.71	-1.89285	-175.35	-0.00452	0.74148
225.71	-1.89285	-175.35	-0.00452	0.74148
225.71	-1.89285	-175.35	-0.00452	0.74148
225.71	-1.89285	-175.35	-0.00452	0.74148
225.71	-1.89285	-175.35	-0.00452	0.74148
225.71	-1.89285	-175.35	-0.00452	0.74148
225.71	-1.89285	-175.35	-0.00452	0.74148
225.71	-1.89285	-175.35	-0.00452	0.74148
225.71	-1.89285	-175.35	-0.00452	0.74148
225.71	-1.89285	-175.35	-0.00452	0.74148
225.71	-1.89285	-175.35	-0.00452	0.74148
225.71	-1.89285	-175.35	-0.00452	0.74148
225.71	-1.89285	-175.35	-0.00452	0.74148
225.71	-1.89285	-175.35	-0.00452	0.74148
225.71	-1.89285	-175.35	-0.00452	0.74148
225.71	-1.89285	-175.35	-0.00452	0.74148
225.71	-1.89285	-175.35	-0.00452	0.74148
225.71	-1.89285	-175.35	-0.00452	0.74148
225.71	-1.89285	-175.35	-0.00452	0.74148
225.71	-1.89285	-175.35	-0.00452	0.74148
225.71	-1.89285	-175.35	-0.00452	0.74148
225.71	-1.89285	-175.35	-0.00452	0.74148
