0.00	0.00000	-200.00	0.00000	0.72160
258.00	-0.02345	-286.00	-0.00938	0.70509
452.71	-0.04741	-351.70	-0.01655	0.69247
452.29	-0.05970	-351.37	-0.01651	0.69254
451.40	-0.07199	-350.68	-0.01644	0.69267
450.71	-0.08429	-350.14	-0.01638	0.69277
450.47	-0.09658	-349.96	-0.01636	0.69281
450.79	-0.12117	-350.21	-0.01639	0.69276
450.97	-0.14668	-350.35	-0.01640	0.69273
451.04	-0.17220	-350.40	-0.01641	0.69272
451.01	-0.19772	-350.38	-0.01640	0.69273
450.95	-0.22323	-350.33	-0.01640	0.69274
450.90	-0.24875	-350.30	-0.01640	0.69274
450.89	-0.27427	-350.28	-0.01639	0.69275
450.89	-0.29978	-350.29	-0.01640	0.69274
450.91	-0.32530	-350.30	-0.01640	0.69274
450.92	-0.35081	-350.31	-0.01640	0.69274
450.93	-0.37633	-350.31	-0.01640	0.69274
450.92	-0.40185	-350.31	-0.01640	0.69274
450.92	-0.42736	-350.31	-0.01640	0.69274
450.92	-0.45288	-350.31	-0.01640	0.69274
450.92	-0.47840	-350.30	-0.01640	0.69274
450.92	-0.50391	-350.30	-0.01640	0.69274
450.92	-0.52943	-350.31	-0.01640	0.69274
450.92	-0.55495	-350.31	-0.01640	0.69274
450.92	-0.58046	-350.31	-0.01640	0.69274
450.92	-0.60598	-350.31	-0.01640	0.69274
450.92	-0.63149	-350.31	-0.01640	0.69274
450.92	-0.65701	-350.31	-0.01640	0.69274
450.92	-0.68253	-350.31	-0.01640	0.69274
450.92	-0.70804	-350.31	-0.01640	0.69274
450.92	-0.73356	-350.31	-0.01640	0.69274
450.92	-0.75908	-350.31	-0.01640	0.69274
450.92	-0.78459	-350.31	-0.01640	0.69274
450.92	-0.81011	-350.31	-0.01640	0.69274
450.92	-0.83563	-350.31	-0.01640	0.69274
450.92	-0.86114	-350.31	-0.01640	0.69274
450.92	-0.88666	-350.31	-0.01640	0.69274
450.92	-0.91217	-350.31	-0.01640	0.69274
450.92	-0.93769	-350.31	-0.01640	0.69274
450.92	-0.96321	-350.31	-0.01640	0.69274
450.92	-0.98872	-350.31	-0.01640	0.69274
450.92	-1.01424	-350.31	-0.01640	0.69274
450.92	-1.03976	-350.31	-0.01640	0.69274
450.92	-1.06527	-350.31	-0.01640	0.69274
450.92	-1.09079	-350.31	-0.01640	0.69274
450.92	-1.11631	-350.31	-0.01640	0.69274
450.92	-1.14182	-350.31	-0.01640	0.69274
450.92	-1.16734	-350.31	-0.01640	0.69274
450.92	-1.19285	-350.31	-0.01640	0.69274
450.92	-1.21837	-350.31	-0.01640	0.69274
450.92	-1.24389	-350.31	-0.01640	0.69274
450.92	-1.26940	-350.31	-0.01640	0.69274
450.92	-1.29492	-350.31	-0.01640	0.69274
450.92	-1.32044	-350.31	-0.01640	0.69274
450.92	-1.34595	-350.31	-0.01640	0.69274
450.92	-1.37147	-350.31	-0.01640	0.69274
450.92	-1.39698	-350.31	-0.01640	0.69274
450.92	-1.42250	-350.31	-0.01640	0.69274
450.92	-1.44802	-350.31	-0.01640	0.69274
450.92	-1.47353	-350.31	-0.01640	0.69274
450.92	-1.49905	-350.31	-0.01640	0.69274
450.92	-1.52457	-350.31	-0.01640	0.69274
450.92	-1.55008	-350.31	-0.01640	0.69274
450.92	-1.57560	-350.31	-0.01640	0.69274
450.92	-1.60112	-350.31	-0.01640	0.69274
450.92	-1.62663	-350.31	-0.01640	0.69274
450.92	-1.65215	-350.31	-0.01640	0.69274
450.92	-1.67766	-350.31	-0.01640	0.69274
450.92	-1.70318	-350.31	-0.01640	0.69274
450.92	-1.72870	-350.31	-0.01640	0.69274
450.92	-1.75421	-350.31	-0.01640	0.69274
450.92	-1.77973	-350.31	-0.01640	0.69274
450.92	-1.80525	-350.31	-0.01640	0.69274
450.92	-1.83076	-350.31	-0.01640	0.69274
450.92	-1.85628	-350.31	-0.01640	0.69274
450.92	-1.88180	-350.31	-0.01640	0.69274
450.92	-1.90731	-350.31	-0.01640	0.69274
450.92	-1.93283	-350.31	-0.01640	0.69274
450.92	-1.95834	-350.31	-0.01640	0.69274
450.92	-1.98386	-350.31	-0.01640	0.69274
450.92	-2.00938	-350.31	-0.01640	0.69274
450.92	-2.03489	-350.31	-0.01640	0.69274
450.92	-2.06041	-350.31	-0.01640	0.69274
450.92	-2.08593	-350.31	-0.01640	0.69274
450.92	-2.11144	-350.31	-0.01640	0.69274
450.92	-2.13696	-350.31	-0.01640	0.69274
450.92	-2.16248	-350.31	-0.01640	0.69274
450.92	-2.18799	-350.31	-0.01640	0.69274
450.92	-2.21351	-350.31	-0.01640	0.69274
450.92	-2.23902	-350.31	-0.01640	0.69274
450.92	-2.26454	-350.31	-0.01640	0.69274
450.92	-2.29006	-350.31	-0.01640	0.69274
450.92	-2.31557	-350.31	-0.01640	0.69274
450.92	-2.34109	-350.31	-0.01640	0.69274
450.92	-2.36661	-350.31	-0.01640	0.69274
450.92	-2.39212	-350.31	-0.01640	0.69274
450.92	-2.41764	-350.31	-0.01640	0.69274
450.92	-2.44316	-350.31	-0.01640	0.69274
450.92	-2.46867	-350.31	-0.01640	0.69274
450.92	-2.49419	-350.31	-0.01640	0.69274
450.92	-2.51970	-350.31	-0.01640	0.69274
450.92	-2.54522	-350.31	-0.01640	0.69274
450.92	-2.57074	-350.31	-0.01640	0.69274
450.92	-2.59625	-350.31	-0.01640	0.69274
450.92	-2.62177	-350.31	-0.01640	0.69274
450.92	-2.64729	-350.31	-0.01640	0.69274
450.92	-2.67280	-350.31	-0.01640	0.69274
450.92	-2.69832	-350.31	-0.01640	0.69274
450.92	-2.72383	-350.31	-0.01640	0.69274
450.92	-2.74935	-350.31	-0.01640	0.69274
450.92	-2.77487	-350.31	-0.01640	0.69274
450.92	-2.80038	-350.31	-0.01640	0.69274
450.92	-2.82590	-350.31	-0.01640	0.69274
450.92	-2.85142	-350.31	-0.01640	0.69274
450.92	-2.87693	-350.31	-0.01640	0.69274
450.92	-2.90245	-350.31	-0.01640	0.69274
450.92	-2.92797	-350.31	-0.01640	0.69274
450.92	-2.95348	-350.31	-0.01640	0.69274
450.92	-2.97900	-350.31	-0.01640	0.69274
450.92	-3.00451	-350.31	-0.01640	0.69274
450.92	-3.03003	-350.31	-0.01640	0.69274
450.92	-3.05555	-350.31	-0.01640	0.69274
450.92	-3.08106	-350.31	-0.01640	0.69274
450.92	-3.10658	-350.31	-0.01640	0.69274
450.92	-3.13210	-350.31	-0.01640	0.69274
450.92	-3.15761	-350.31	-0.01640	0.69274
450.92	-3.18313	-350.31	-0.01640	0.69274
450.92	-3.20865	-350.31	-0.01640	0.69274
450.92	-3.23416	-350.31	-0.01640	0.69274
450.92	-3.25968	-350.31	-0.01640	0.69274
450.92	-3.28519	-350.31	-0.01640	0.69274
450.92	-3.31071	-350.31	-0.01640	0.69274
450.92	-3.33623	-350.31	-0.01640	0.69274
450.92	-3.36174	-350.31	-0.01640	0.69274
450.92	-3.38726	-350.31	-0.01640	0.69274
450.92	-3.41278	-350.31	-0.01640	0.69274
450.92	-3.43829	-350.31	-0.01640	0.69274
450.92	-3.46381	-350.31	-0.01640	0.69274
450.92	-3.48933	-350.31	-0.01640	0.69274
450.92	-3.51484	-350.31	-0.01640	0.69274
450.92	-3.54036	-350.31	-0.01640	0.69274
450.92	-3.56587	-350.31	-0.01640	0.69274
450.92	-3.59139	-350.31	-0.01640	0.69274
450.92	-3.61691	-350.31	-0.01640	0.69274
450.92	-3.64242	-350.31	-0.01640	0.69274
450.92	-3.66794	-350.31	-0.01640	0.69274
450.92	-3.69346	-350.31	-0.01640	0.69274
450.92	-3.71897	-350.31	-0.01640	0.69274
450.92	-3.74449	-350.31	-0.01640	0.69274
450.92	-3.77001	-350.31	-0.01640	0.69274
450.92	-3.79552	-350.31	-0.01640	0.69274
450.92	-3.82104	-350.31	-0.01640	0.69274
450.92	-3.84655	-350.31	-0.01640	0.69274
450.92	-3.87207	-350.31	-0.01640	0.69274
450.92	-3.89759	-350.31	-0.01640	0.69274
450.92	-3.92310	-350.31	-0.01640	0.69274
450.92	-3.94862	-350.31	-0.01640	0.69274
450.92	-3.97414	-350.31	-0.01640	0.69274
450.92	-3.99965	-350.31	-0.01640	0.69274
450.92	-4.02517	-350.31	-0.01640	0.69274
450.92	-4.05069	-350.31	-0.01640	0.69274
450.92	-4.07620	-350.31	-0.01640	0.69274
450.92	-4.10172	-350.31	-0.01640	0.69274
450.92	-4.12723	-350.31	-0.01640	0.69274
450.92	-4.15275	-350.31	-0.01640	0.69274
450.92	-4.17827	-350.31	-0.01640	0.69274
450.92	-4.20378	-350.31	-0.01640	0.69274
450.92	-4.22930	-350.31	-0.01640	0.69274
450.92	-4.25482	-350.31	-0.01640	0.69274
450.92	-4.28033	-350.31	-0.01640	0.69274
450.92	-4.30585	-350.31	-0.01640	0.69274
450.92	-4.33136	-350.31	-0.01640	0.69274
450.92	-4.35688	-350.31	-0.01640	0.69274
450.92	-4.38240	-350.31	-0.01640	0.69274
450.92	-4.40791	-350.31	-0.01640	0.69274
450.92	-4.43343	-350.31	-0.01640	0.69274
450.92	-4.45895	-350.31	-0.01640	0.69274
450.92	-4.48446	-350.31	-0.01640	0.69274
450.92	-4.50998	-350.31	-0.01640	0.69274
450.92	-4.53550	-350.31	-0.01640	0.69274
450.92	-4.56101	-350.31	-0.01640	0.69274
450.92	-4.58653	-350.31	-0.01640	0.69274
450.92	-4.61204	-350.31	-0.01640	0.69274
450.92	-4.63756	-350.31	-0.01640	0.69274
450.92	-4.66308	-350.31	-0.01640	0.69274
450.92	-4.68859	-350.31	-0.01640	0.69274
450.92	-4.71411	-350.31	-0.01640	0.69274
450.92	-4.73963	-350.31	-0.01640	0.69274
450.92	-4.76514	-350.31	-0.01640	0.69274
450.92	-4.79066	-350.31	-0.01640	0.69274
450.92	-4.81618	-350.31	-0.01640	0.69274
450.92	-4.84169	-350.31	-0.01640	0.69274
450.92	-4.86721	-350.31	-0.01640	0.69274
450.92	-4.89272	-350.31	-0.01640	0.69274
450.92	-4.91824	-350.31	-0.01640	0.69274
450.92	-4.94376	-350.31	-0.01640	0.69274
450.92	-4.96927	-350.31	-0.01640	0.69274
450.92	-4.99479	-350.31	-0.01640	0.69274
450.92	-5.02031	-350.31	-0.01640	0.69274
450.92	-5.04582	-350.31	-0.01640	0.69274
450.92	-5.07134	-350.31	-0.01640	0.69274
450.92	-5.09686	-350.31	-0.01640	0.69274
450.92	-5.12237	-350.31	-0.01640	0.69274
450.92	-5.14789	-350.31	-0.01640	0.69274
450.92	-5.17341	-350.31	-0.01640	0.69274
450.92	-5.19892	-350.31	-0.01640	0.69274
450.92	-5.22444	-350.31	-0.01640	0.69274
450.92	-5.24995	-350.31	-0.01640	0.69274
450.92	-5.27547	-350.31	-0.01640	0.69274
450.92	-5.30099	-350.31	-0.01640	0.69274
450.92	-5.32650	-350.31	-0.01640	0.69274
450.92	-5.35202	-350.31	-0.01640	0.69274
450.92	-5.37754	-350.31	-0.01640	0.69274
450.92	-5.40305	-350.31	-0.01640	0.69274
450.92	-5.42857	-350.31	-0.01640	0.69274
450.92	-5.45409	-350.31	-0.01640	0.69274
450.92	-5.47960	-350.31	-0.01640	0.69274
450.92	-5.50512	-350.31	-0.01640	0.69274
450.92	-5.53064	-350.31	-0.01640	0.69274
450.92	-5.55615	-350.31	-0.01640	0.69274
450.92	-5.58167	-350.31	-0.01640	0.69274
450.92	-5.60719	-350.31	-0.01640	0.69274
450.92	-5.63270	-350.31	-0.01640	0.69274
450.92	-5.65822	-350.31	-0.01640	0.69274
450.93	-5.68374	-350.31	-0.01640	0.69274
450.93	-5.70925	-350.31	-0.01640	0.69274
450.93	-5.73477	-350.31	-0.01640	0.69274
450.93	-5.76029	-350.31	-0.01640	0.69274
450.93	-5.78580	-350.31	-0.01640	0.69274
450.93	-5.81132	-350.31	-0.01640	0.69274
450.93	-5.83684	-350.32	-0.01640	0.69274
450.93	-5.86235	-350.32	-0.01640	0.69274
450.93	-5.88787	-350.32	-0.01640	0.69274
450.93	-5.91339	-350.32	-0.01640	0.69274
450.94	-5.93890	-350.32	-0.01640	0.69274
450.94	-5.96442	-350.32	-0.01640	0.69274
450.94	-5.98994	-350.32	-0.01640	0.69274
450.94	-6.01545	-350.32	-0.01640	0.69274
450.94	-6.04097	-350.33	-0.01640	0.69274
450.95	-6.06649	-350.33	-0.01640	0.69274
450.95	-6.09201	-350.33	-0.01640	0.69274
450.95	-6.11752	-350.33	-0.01640	0.69274
450.95	-6.14304	-350.33	-0.01640	0.69274
450.96	-6.16856	-350.34	-0.01640	0.69274
450.96	-6.19408	-350.34	-0.01640	0.69273
450.97	-6.21960	-350.34	-0.01640	0.69273
450.97	-6.24511	-350.35	-0.01640	0.69273
450.98	-6.27063	-350.35	-0.01640	0.69273
450.98	-6.29615	-350.36	-0.01640	0.69273
450.99	-6.32167	-350.36	-0.01640	0.69273
450.99	-6.34719	-350.36	-0.01640	0.69273
451.00	-6.37271	-350.37	-0.01640	0.69273
451.01	-6.39823	-350.38	-0.01640	0.69273
451.02	-6.42375	-350.38	-0.01641	0.69273
451.03	-6.44927	-350.39	-0.01641	0.69273
451.04	-6.47479	-350.40	-0.01641	0.69272
451.05	-6.50031	-350.41	-0.01641	0.69272
451.06	-6.52583	-350.42	-0.01641	0.69272
451.07	-6.55135	-350.43	-0.01641	0.69272
451.09	-6.57687	-350.44	-0.01641	0.69272
451.10	-6.60239	-350.45	-0.01641	0.69271
451.12	-6.62792	-350.46	-0.01641	0.69271
451.14	-6.65344	-350.48	-0.01642	0.69271
451.16	-6.67896	-350.49	-0.01642	0.69271
451.18	-6.70449	-350.51	-0.01642	0.69270
451.20	-6.73001	-350.53	-0.01642	0.69270
451.23	-6.75554	-350.55	-0.01642	0.69269
451.26	-6.78107	-350.57	-0.01643	0.69269
451.29	-6.80659	-350.60	-0.01643	0.69269
451.33	-6.83212	-350.62	-0.01643	0.69268
451.36	-6.85765	-350.65	-0.01643	0.69267
451.41	-6.88318	-350.69	-0.01644	0.69267
451.45	-6.90871	-350.72	-0.01644	0.69266
451.50	-6.93425	-350.76	-0.01645	0.69265
451.55	-6.95978	-350.80	-0.01645	0.69265
451.55	-6.95978	-350.80	-0.01645	0.69265
451.55	-6.95978	-350.80	-0.01645	0.69265
451.55	-6.95978	-350.80	-0.01645	0.69265
451.55	-6.95978	-350.80	-0.01645	0.69265
451.55	-6.95978	-350.80	-0.01645	0.69265
451.55	-6.95978	-350.80	-0.01645	0.69265
451.55	-6.95978	-350.80	-0.01645	0.69265
451.55	-6.95978	-350.80	-0.01645	0.69265
451.55	-6.95978	-350.80	-0.01645	0.69265
451.55	-6.95978	-350.80	-0.01645	0.69265
451.55	-6.95978	-350.80	-0.01645	0.69265
451.55	-6.95978	-350.80	-0.01645	0.69265
451.55	-6.95978	-350.80	-0.01645	0.69265
451.55	-6.95978	-350.80	-0.01645	0.69265
451.55	-6.95978	-350.80	-0.01645	0.69265
451.55	-6.95978	-350.80	-0.01645	0.69265
451.55	-6.95978	-350.80	-0.01645	0.69265
451.55	-6.95978	-350.80	-0.01645	0.69265
451.55	-6.95978	-350.80	-0.01645	0.69265
451.55	-6.95978	-350.80	-0.01645	0.69265
451.55	-6.95978	-350.80	-0.01645	0.69265
451.55	-6.95978	-350.80	-0.01645	0.69265
451.55	-6.95978	-350.80	-0.01645	0.69265
451.55	-6.95978	-350.80	-0.01645	0.69265
451.55	-6.95978	-350.80	-0.01645	0.69265
451.55	-6.95978	-350.80	-0.01645	0.69265
451.55	-6.95978	-350.80	-0.01645	0.69265
451.55	-6.95978	-350.80	-0.01645	0.69265
