0.000	0.000	-196.300	0.0000	0.684
28.779	-0.001	-205.393	-0.0016	0.682
43.407	-0.002	-210.869	-0.0022	0.681
50.551	-0.003	-213.250	-0.0033	0.679
60.283	-0.004	-216.194	-0.0044	0.677
69.331	-0.005	-219.210	-0.0060	0.674
77.682	-0.006	-222.494	-0.0065	0.673
85.975	-0.007	-224.858	-0.0071	0.672
94.053	-0.008	-227.351	-0.0082	0.671
102.339	-0.009	-230.513	-0.0093	0.669
109.997	-0.010	-233.066	-0.0098	0.668
117.661	-0.011	-235.620	-0.0109	0.666
124.430	-0.012	-238.177	-0.0114	0.665
131.812	-0.013	-240.337	-0.0120	0.664
138.697	-0.014	-242.932	-0.0131	0.662
144.906	-0.015	-244.902	-0.0131	0.662
151.525	-0.016	-247.808	-0.0142	0.660
157.338	-0.017	-249.046	-0.0147	0.660
163.815	-0.018	-251.205	-0.0152	0.659
169.874	-0.019	-254.025	-0.0158	0.658
175.406	-0.020	-255.069	-0.0169	0.656
181.201	-0.021	-257.000	-0.0169	0.656
187.396	-0.022	-259.765	-0.0174	0.655
192.711	-0.023	-260.837	-0.0180	0.654
198.428	-0.024	-262.743	-0.0185	0.653
204.564	-0.025	-265.488	-0.0196	0.651
210.310	-0.026	-267.403	-0.0196	0.651
215.963	-0.027	-269.288	-0.0201	0.650
221.406	-0.028	-271.102	-0.0207	0.649
226.173	-0.029	-271.991	-0.0212	0.648
232.066	-0.030	-274.655	-0.0218	0.648
237.411	-0.031	-276.437	-0.0218	0.648
242.775	-0.032	-278.225	-0.0223	0.647
248.213	-0.033	-280.038	-0.0234	0.645
253.163	-0.034	-281.688	-0.0234	0.645
258.357	-0.035	-282.719	-0.0240	0.644
263.191	-0.036	-284.330	-0.0245	0.643
268.939	-0.037	-286.946	-0.0250	0.642
273.963	-0.038	-288.621	-0.0256	0.641
278.875	-0.039	-290.258	-0.0261	0.640
283.577	-0.040	-291.826	-0.0261	0.640
288.077	-0.041	-292.726	-0.0267	0.639
293.273	-0.042	-295.058	-0.0267	0.639
298.320	-0.043	-296.740	-0.0272	0.638
303.053	-0.044	-298.218	-0.0278	0.637
307.826	-0.045	-299.909	-0.0283	0.637
312.425	-0.046	-301.442	-0.0283	0.637
317.184	-0.047	-303.028	-0.0289	0.636
321.653	-0.048	-304.518	-0.0289	0.636
326.453	-0.049	-306.118	-0.0294	0.635
330.894	-0.050	-307.598	-0.0299	0.634
335.568	-0.052	-309.156	-0.0299	0.634
340.447	-0.053	-310.782	-0.0305	0.633
344.726	-0.054	-312.209	-0.0305	0.633
349.561	-0.055	-313.720	-0.0310	0.632
353.793	-0.056	-315.231	-0.0316	0.631
358.138	-0.057	-316.679	-0.0316	0.631
362.627	-0.058	-318.176	-0.0321	0.630
366.871	-0.059	-319.590	-0.0327	0.629
370.901	-0.060	-320.934	-0.0327	0.629
375.419	-0.061	-322.440	-0.0332	0.628
379.618	-0.062	-323.839	-0.0332	0.628
384.104	-0.063	-325.335	-0.0338	0.627
387.836	-0.064	-326.579	-0.0338	0.627
392.021	-0.065	-328.074	-0.0343	0.626
395.873	-0.066	-329.258	-0.0343	0.626
400.089	-0.068	-330.663	-0.0343	0.626
404.226	-0.069	-332.042	-0.0348	0.626
407.558	-0.070	-332.853	-0.0354	0.625
411.379	-0.071	-334.526	-0.0354	0.625
415.132	-0.072	-335.677	-0.0354	0.625
419.210	-0.073	-337.137	-0.0354	0.625
422.513	-0.074	-338.138	-0.0359	0.624
426.233	-0.075	-339.478	-0.0359	0.624
429.218	-0.076	-340.273	-0.0365	0.623
432.298	-0.077	-341.499	-0.0365	0.623
435.967	-0.078	-342.622	-0.0365	0.623
439.187	-0.079	-343.696	-0.0365	0.623
442.487	-0.080	-344.896	-0.0370	0.622
445.747	-0.081	-345.882	-0.0370	0.622
449.055	-0.083	-347.185	-0.0376	0.621
452.259	-0.084	-348.153	-0.0376	0.621
454.609	-0.085	-348.536	-0.0376	0.621
458.194	-0.086	-350.131	-0.0381	0.620
461.208	-0.087	-351.136	-0.0381	0.620
463.802	-0.088	-351.901	-0.0381	0.620
466.256	-0.089	-352.419	-0.0381	0.620
469.482	-0.090	-353.894	-0.0387	0.619
471.864	-0.091	-354.688	-0.0387	0.619
474.021	-0.092	-355.407	-0.0387	0.619
476.993	-0.093	-356.398	-0.0387	0.619
479.371	-0.094	-356.790	-0.0392	0.618
482.148	-0.095	-358.116	-0.0392	0.618
484.183	-0.096	-358.694	-0.0392	0.618
486.784	-0.097	-359.661	-0.0397	0.617
488.714	-0.099	-360.205	-0.0392	0.618
490.537	-0.100	-360.512	-0.0392	0.618
492.998	-0.101	-361.633	-0.0397	0.617
495.014	-0.102	-362.305	-0.0392	0.618
497.326	-0.103	-363.075	-0.0397	0.617
499.217	-0.104	-363.806	-0.0397	0.617
501.290	-0.105	-364.397	-0.0397	0.617
503.377	-0.106	-365.092	-0.0397	0.617
505.299	-0.107	-365.733	-0.0397	0.617
508.043	-0.108	-366.648	-0.0397	0.617
509.094	-0.109	-366.998	-0.0397	0.617
510.640	-0.110	-367.513	-0.0397	0.617
511.982	-0.111	-367.961	-0.0397	0.617
513.881	-0.112	-368.594	-0.0403	0.616
515.294	-0.113	-369.065	-0.0403	0.616
516.945	-0.114	-369.615	-0.0403	0.616
518.431	-0.115	-370.110	-0.0403	0.616
519.781	-0.116	-370.560	-0.0403	0.616
521.368	-0.117	-371.089	-0.0408	0.615
522.424	-0.119	-371.441	-0.0403	0.616
523.581	-0.120	-371.827	-0.0403	0.616
525.204	-0.121	-372.368	-0.0408	0.615
526.620	-0.122	-372.840	-0.0408	0.615
527.664	-0.123	-373.188	-0.0408	0.615
528.691	-0.124	-373.530	-0.0408	0.615
529.781	-0.125	-373.894	-0.0408	0.615
530.489	-0.126	-373.830	-0.0408	0.615
532.180	-0.127	-374.693	-0.0408	0.615
533.039	-0.128	-374.980	-0.0408	0.615
534.375	-0.129	-375.425	-0.0408	0.615
535.179	-0.130	-375.693	-0.0408	0.615
535.714	-0.131	-375.871	-0.0408	0.615
536.823	-0.132	-376.241	-0.0408	0.615
537.547	-0.133	-376.482	-0.0408	0.615
538.355	-0.134	-376.752	-0.0408	0.615
539.399	-0.136	-377.200	-0.0408	0.615
540.094	-0.137	-377.331	-0.0408	0.615
540.625	-0.138	-377.508	-0.0408	0.615
541.335	-0.139	-377.745	-0.0408	0.615
542.074	-0.140	-377.991	-0.0408	0.615
542.549	-0.141	-378.150	-0.0408	0.615
542.930	-0.142	-378.277	-0.0408	0.615
543.060	-0.143	-378.320	-0.0408	0.615
543.858	-0.144	-378.486	-0.0408	0.615
544.121	-0.145	-378.674	-0.0408	0.615
544.948	-0.146	-378.949	-0.0408	0.615
545.731	-0.147	-379.210	-0.0408	0.615
545.865	-0.148	-379.155	-0.0408	0.615
546.294	-0.149	-379.398	-0.0408	0.615
546.576	-0.150	-379.592	-0.0408	0.615
547.033	-0.152	-379.644	-0.0408	0.615
547.414	-0.153	-379.771	-0.0408	0.615
546.618	-0.154	-379.606	-0.0408	0.615
548.121	-0.155	-380.107	-0.0408	0.615
548.494	-0.156	-380.131	-0.0408	0.615
548.532	-0.157	-380.144	-0.0408	0.615
548.906	-0.158	-380.169	-0.0408	0.615
548.888	-0.159	-380.263	-0.0408	0.615
549.497	-0.160	-380.366	-0.0408	0.615
549.805	-0.161	-380.468	-0.0408	0.615
550.100	-0.162	-380.667	-0.0414	0.615
549.865	-0.163	-380.588	-0.0408	0.615
549.921	-0.165	-380.707	-0.0408	0.615
550.330	-0.166	-380.643	-0.0408	0.615
550.028	-0.167	-380.643	-0.0408	0.615
550.365	-0.168	-380.755	-0.0408	0.615
550.466	-0.169	-380.689	-0.0408	0.615
550.717	-0.170	-380.972	-0.0408	0.615
550.891	-0.171	-380.930	-0.0408	0.615
551.035	-0.172	-380.878	-0.0408	0.615
550.593	-0.173	-380.931	-0.0408	0.615
551.051	-0.174	-380.884	-0.0408	0.615
550.829	-0.175	-380.810	-0.0408	0.615
550.957	-0.177	-380.952	-0.0408	0.615
551.037	-0.178	-380.979	-0.0408	0.615
550.701	-0.179	-380.967	-0.0408	0.615
550.592	-0.180	-380.831	-0.0408	0.615
550.757	-0.181	-380.786	-0.0408	0.615
550.624	-0.182	-380.941	-0.0408	0.615
550.894	-0.183	-380.931	-0.0408	0.615
550.883	-0.184	-381.028	-0.0408	0.615
550.776	-0.185	-380.792	-0.0408	0.615
550.721	-0.186	-380.974	-0.0408	0.615
550.364	-0.187	-380.655	-0.0408	0.615
550.380	-0.188	-380.860	-0.0408	0.615
550.230	-0.189	-380.710	-0.0408	0.615
549.718	-0.191	-380.439	-0.0408	0.615
549.571	-0.192	-380.590	-0.0403	0.616
549.593	-0.193	-380.598	-0.0403	0.616
549.520	-0.194	-380.573	-0.0408	0.615
549.398	-0.195	-380.433	-0.0408	0.615
548.941	-0.196	-380.280	-0.0403	0.616
548.711	-0.197	-380.304	-0.0403	0.616
548.443	-0.199	-380.214	-0.0403	0.616
548.188	-0.200	-379.929	-0.0403	0.616
548.050	-0.201	-380.083	-0.0403	0.616
547.611	-0.202	-379.737	-0.0403	0.616
547.504	-0.203	-379.801	-0.0403	0.616
546.866	-0.204	-379.689	-0.0397	0.617
546.720	-0.205	-379.640	-0.0403	0.616
546.726	-0.207	-379.442	-0.0403	0.616
546.288	-0.208	-379.396	-0.0403	0.616
545.991	-0.209	-379.397	-0.0403	0.616
545.432	-0.210	-379.211	-0.0397	0.617
545.245	-0.211	-379.048	-0.0397	0.617
545.368	-0.212	-379.189	-0.0403	0.616
544.651	-0.213	-378.950	-0.0397	0.617
544.207	-0.214	-378.802	-0.0397	0.617
544.320	-0.215	-378.740	-0.0397	0.617
543.859	-0.216	-378.586	-0.0397	0.617
543.588	-0.217	-378.396	-0.0397	0.617
543.132	-0.218	-378.444	-0.0397	0.617
542.999	-0.219	-378.300	-0.0397	0.617
542.822	-0.220	-378.241	-0.0397	0.617
542.063	-0.221	-377.888	-0.0397	0.617
541.590	-0.223	-377.830	-0.0397	0.617
541.451	-0.224	-377.684	-0.0397	0.617
540.969	-0.225	-377.823	-0.0397	0.617
540.897	-0.226	-377.699	-0.0397	0.617
540.337	-0.227	-377.612	-0.0397	0.617
539.728	-0.228	-377.209	-0.0397	0.617
539.799	-0.229	-377.333	-0.0403	0.616
539.021	-0.230	-376.874	-0.0397	0.617
